4.7365e-6
4.7401e-6
4.7399e-6
4.7426e-6
4.7362e-6
4.7366e-6
4.7378e-6
4.7366e-6
4.7388e-6
4.7388e-6
4.735e-6
4.7382e-6
4.737e-6
4.7354e-6
4.736e-6
4.7367e-6
4.7366e-6
4.7385e-6
4.7403e-6
4.7378e-6
4.7392e-6
4.7376e-6
4.7383e-6
4.7378e-6
4.7332e-6
4.7379e-6
4.7391e-6
4.7375e-6
4.7419e-6
4.7452e-6
4.7411e-6
4.7419e-6
4.7395e-6
4.74e-6
4.7422e-6
4.7436e-6
4.7413e-6
4.7396e-6
4.7376e-6
4.7342e-6
4.7368e-6
4.7378e-6
4.7361e-6
4.7382e-6
4.7359e-6
4.7394e-6
4.7455e-6
4.7423e-6
4.7389e-6
4.7409e-6
4.7398e-6
4.7405e-6
4.7423e-6
4.74e-6
4.7439e-6
4.7362e-6
4.7381e-6
4.7431e-6
4.7439e-6
4.7404e-6
4.7425e-6
4.7407e-6
4.7438e-6
4.738e-6
4.7441e-6
4.7385e-6
4.7414e-6
4.7404e-6
4.7429e-6
4.7404e-6
4.7388e-6
4.7404e-6
4.7371e-6
4.743e-6
4.7407e-6
4.7382e-6
4.739e-6
4.7383e-6
4.7401e-6
4.7422e-6
4.7368e-6
4.7407e-6
4.7471e-6
4.7422e-6
4.742e-6
4.7431e-6
4.7461e-6
4.7391e-6
4.7396e-6
4.7357e-6
4.7386e-6
4.7417e-6
4.7442e-6
4.7406e-6
4.7379e-6
4.7372e-6
4.7399e-6
4.7403e-6
4.7434e-6
4.7427e-6
4.7416e-6
4.7466e-6
4.7427e-6
4.7459e-6
4.7442e-6
4.745e-6
4.7467e-6
4.7464e-6
4.7476e-6
4.7463e-6
4.7453e-6
4.7506e-6
4.7495e-6
4.7426e-6
4.7368e-6
4.7358e-6
4.7358e-6
4.7367e-6
4.7441e-6
4.7403e-6
4.7381e-6
4.7387e-6
4.7369e-6
4.7418e-6
4.7453e-6
4.7409e-6
4.7391e-6
4.743e-6
4.7398e-6
4.7374e-6
4.7359e-6
4.7393e-6
4.7386e-6
4.74e-6
4.7371e-6
4.7403e-6
4.7411e-6
4.7427e-6
4.7423e-6
4.7395e-6
4.735e-6
4.7397e-6
4.7408e-6
4.7391e-6
4.7354e-6
4.7343e-6
4.7414e-6
4.7355e-6
4.739e-6
4.7315e-6
4.7353e-6
4.7362e-6
4.7347e-6
4.7348e-6
4.7359e-6
4.7358e-6
4.7346e-6
4.7337e-6
4.733e-6
4.7302e-6
4.7369e-6
4.7345e-6
4.7345e-6
4.7383e-6
4.7397e-6
4.737e-6
4.7354e-6
4.7382e-6
4.7321e-6
4.7304e-6
4.732e-6
4.7353e-6
4.7377e-6
4.7332e-6
4.7328e-6
4.7324e-6
4.7355e-6
4.7347e-6
4.7342e-6
4.7328e-6
4.7323e-6
4.7319e-6
4.7311e-6
4.7314e-6
4.7303e-6
4.7306e-6
4.7289e-6
4.7314e-6
4.7369e-6
4.7324e-6
4.7324e-6
4.7346e-6
4.7397e-6
4.7346e-6
4.7287e-6
4.7305e-6
4.7296e-6
4.7329e-6
4.7293e-6
4.7333e-6
4.7321e-6
4.7311e-6
4.7341e-6
4.7351e-6
4.7305e-6
4.732e-6
4.7312e-6
4.7309e-6
4.7325e-6
4.7295e-6
4.7275e-6
4.7343e-6
4.7283e-6
4.7312e-6
4.7297e-6
4.726e-6
4.7285e-6
4.7299e-6
4.7287e-6
4.7307e-6
4.7288e-6
4.7319e-6
4.7279e-6
4.7315e-6
4.7316e-6
4.734e-6
4.7317e-6
4.7294e-6
4.7295e-6
4.7322e-6
4.731e-6
4.7301e-6
4.7298e-6
4.7285e-6
4.7284e-6
4.7266e-6
4.7297e-6
4.7309e-6
4.7293e-6
4.7278e-6
4.7322e-6
4.7305e-6
4.7302e-6
4.7268e-6
4.7261e-6
4.7269e-6
4.7322e-6
4.7352e-6
4.7291e-6
4.731e-6
4.7311e-6
4.7272e-6
4.7326e-6
4.7345e-6
4.729e-6
4.729e-6
4.729e-6
4.7341e-6
4.7284e-6
4.7305e-6
4.729e-6
4.7298e-6
4.7313e-6
4.7303e-6
4.7304e-6
4.7323e-6
4.7276e-6
4.7315e-6
4.7299e-6
4.7297e-6
4.7328e-6
4.7308e-6
4.7308e-6
4.7302e-6
4.7266e-6
4.7284e-6
4.73e-6
4.7278e-6
4.7272e-6
4.728e-6
4.7245e-6
4.7302e-6
4.7273e-6
4.7261e-6
4.7296e-6
4.7266e-6
4.7302e-6
4.7318e-6
4.7285e-6
4.7259e-6
4.7282e-6
4.7309e-6
4.7284e-6
4.7338e-6
4.7321e-6
4.7331e-6
4.7304e-6
4.7324e-6
4.7346e-6
4.729e-6
4.7273e-6
4.7336e-6
4.7342e-6
4.7318e-6
4.7312e-6
4.7275e-6
4.7295e-6
4.7304e-6
4.7306e-6
4.7296e-6
4.7283e-6
4.7299e-6
4.7271e-6
4.7322e-6
4.7368e-6
4.7352e-6
4.7308e-6
4.7343e-6
4.7254e-6
4.7292e-6
4.7261e-6
4.7282e-6
4.729e-6
4.7296e-6
4.7325e-6
4.7297e-6
4.7294e-6
4.7307e-6
4.7266e-6
4.7294e-6
4.7271e-6
4.7286e-6
4.7298e-6
4.7318e-6
4.7268e-6
4.7289e-6
4.7313e-6
4.7287e-6
4.7318e-6
4.7267e-6
4.7271e-6
4.7313e-6
4.7277e-6
4.7287e-6
4.7289e-6
4.7258e-6
4.7284e-6
4.726e-6
4.7301e-6
4.7259e-6
4.7267e-6
4.7261e-6
4.7321e-6
4.7277e-6
4.7258e-6
4.729e-6
4.7345e-6
4.7265e-6
4.7266e-6
4.7276e-6
4.7301e-6
4.725e-6
4.7267e-6
4.7296e-6
4.7282e-6
4.7282e-6
4.7297e-6
4.7293e-6
4.7274e-6
4.727e-6
4.7285e-6
4.7285e-6
4.7288e-6
4.7271e-6
4.7247e-6
4.7297e-6
4.7261e-6
4.7296e-6
4.7292e-6
4.7272e-6
4.7272e-6
4.7245e-6
4.7306e-6
4.7313e-6
4.7256e-6
4.7278e-6
4.7248e-6
4.7229e-6
4.7223e-6
4.7217e-6
4.7249e-6
4.7281e-6
4.7256e-6
4.7277e-6
4.7284e-6
4.7254e-6
4.7286e-6
4.7264e-6
4.7291e-6
4.7253e-6
4.7241e-6
4.728e-6
4.7237e-6
4.7275e-6
4.7252e-6
4.7251e-6
4.7246e-6
4.7266e-6
4.7259e-6
4.7237e-6
4.7255e-6
4.7293e-6
4.7281e-6
4.7296e-6
4.7276e-6
4.7301e-6
4.7287e-6
4.7203e-6
4.7236e-6
4.7266e-6
4.7287e-6
4.7259e-6
4.7256e-6
4.7242e-6
4.7241e-6
4.7218e-6
4.7252e-6
4.7279e-6
4.7287e-6
4.7239e-6
4.7286e-6
4.7272e-6
4.7278e-6
4.7285e-6
4.7264e-6
4.7216e-6
4.7285e-6
4.7319e-6
4.7261e-6
4.7225e-6
4.7243e-6
4.7301e-6
4.7275e-6
4.7243e-6
4.7252e-6
4.7222e-6
4.7299e-6
4.7308e-6
4.7315e-6
4.7263e-6
4.7281e-6
4.7322e-6
4.7275e-6
4.7284e-6
4.7296e-6
4.7274e-6
4.7267e-6
4.7241e-6
4.7246e-6
4.7213e-6
4.723e-6
4.7263e-6
4.7287e-6
4.7219e-6
4.7223e-6
4.7209e-6
4.726e-6
4.7226e-6
4.7253e-6
4.7203e-6
4.725e-6
4.7226e-6
4.7247e-6
4.7283e-6
4.7226e-6
4.7232e-6
4.7271e-6
4.7221e-6
4.7236e-6
4.7215e-6
4.7244e-6
4.7234e-6
4.7232e-6
4.7252e-6
4.7219e-6
4.7212e-6
4.7179e-6
4.7222e-6
4.7219e-6
4.7248e-6
4.7233e-6
4.7249e-6
4.7225e-6
4.7209e-6
4.7205e-6
4.7199e-6
4.722e-6
4.7258e-6
4.7264e-6
4.724e-6
4.7209e-6
4.7209e-6
4.724e-6
4.7247e-6
4.7248e-6
4.7218e-6
4.7168e-6
4.7236e-6
4.7245e-6
4.7212e-6
4.7235e-6
4.7252e-6
4.7266e-6
4.7278e-6
4.724e-6
4.723e-6
4.7234e-6
4.726e-6
4.7214e-6
4.7206e-6
4.7224e-6
4.7199e-6
4.7284e-6
4.7254e-6
4.7177e-6
4.7275e-6
4.7259e-6
4.7249e-6
4.7257e-6
4.7303e-6
4.7277e-6
4.7237e-6
4.7274e-6
4.7245e-6
4.7216e-6
4.7279e-6
4.7287e-6
4.7277e-6
4.7256e-6
4.7257e-6
4.7266e-6
4.7256e-6
4.7312e-6
4.7289e-6
4.7309e-6
4.7253e-6
4.7303e-6
4.7284e-6
4.7258e-6
4.7257e-6
4.7242e-6
4.7285e-6
4.726e-6
4.7271e-6
4.7247e-6
4.7205e-6
4.7293e-6
4.7204e-6
4.7245e-6
4.7214e-6
4.7276e-6
4.7218e-6
4.724e-6
4.7242e-6
4.7229e-6
4.7227e-6
4.7235e-6
4.7225e-6
4.7255e-6
4.723e-6
4.7248e-6
4.7278e-6
4.7232e-6
4.7233e-6
4.7241e-6
4.7257e-6
4.7236e-6
4.7259e-6
4.7306e-6
4.7269e-6
4.7241e-6
4.7232e-6
4.7245e-6
4.7242e-6
4.7195e-6
4.7261e-6
4.722e-6
4.7265e-6
4.727e-6
4.725e-6
4.7245e-6
4.7224e-6
4.7277e-6
4.726e-6
4.7195e-6
4.7257e-6
4.7284e-6
4.7282e-6
4.7237e-6
4.7215e-6
4.724e-6
4.7233e-6
4.7228e-6
4.7241e-6
4.7271e-6
4.7219e-6
4.7186e-6
4.7214e-6
4.7223e-6
4.7209e-6
4.721e-6
4.7223e-6
4.7227e-6
4.7215e-6
4.7204e-6
4.725e-6
4.7215e-6
4.7187e-6
4.7246e-6
4.7236e-6
4.7169e-6
4.7212e-6
4.7274e-6
4.7267e-6
4.7259e-6
4.7267e-6
4.723e-6
4.7237e-6
4.7235e-6
4.7273e-6
4.723e-6
4.7231e-6
4.7205e-6
4.7214e-6
4.7243e-6
4.7229e-6
4.7209e-6
4.7249e-6
4.7248e-6
4.722e-6
4.722e-6
4.7186e-6
4.7176e-6
4.7207e-6
4.7174e-6
4.7213e-6
4.7199e-6
4.7218e-6
4.7227e-6
4.7229e-6
4.7218e-6
4.7212e-6
4.7224e-6
4.7244e-6
4.7212e-6
4.7214e-6
4.7234e-6
4.7224e-6
4.7256e-6
4.722e-6
4.7222e-6
4.72e-6
4.7258e-6
4.7223e-6
4.7172e-6
4.7185e-6
4.7231e-6
4.7246e-6
4.7214e-6
4.7223e-6
4.7213e-6
4.7231e-6
4.7243e-6
4.7202e-6
4.7199e-6
4.7221e-6
4.7254e-6
4.7238e-6
4.7252e-6
4.7215e-6
4.7202e-6
4.7214e-6
4.7273e-6
4.7254e-6
4.7201e-6
4.7202e-6
4.7225e-6
4.7225e-6
4.7243e-6
4.7256e-6
4.7211e-6
4.7266e-6
4.7244e-6
4.7236e-6
4.7231e-6
4.7238e-6
4.7223e-6
4.723e-6
4.7259e-6
4.7255e-6
4.7199e-6
4.7256e-6
4.7269e-6
4.7225e-6
4.7234e-6
4.7214e-6
4.7228e-6
4.7228e-6
4.7202e-6
4.7181e-6
4.7236e-6
4.7244e-6
4.7225e-6
4.7206e-6
4.7171e-6
4.715e-6
4.7194e-6
4.7234e-6
4.7232e-6
4.7238e-6
4.7208e-6
4.7215e-6
4.7212e-6
4.721e-6
4.7188e-6
4.7206e-6
4.7176e-6
4.7242e-6
4.721e-6
4.7215e-6
4.7182e-6
4.7232e-6
4.7238e-6
4.7176e-6
4.7196e-6
4.7162e-6
4.7196e-6
4.7211e-6
4.7228e-6
4.7159e-6
4.7176e-6
4.7218e-6
4.7181e-6
4.7187e-6
4.7165e-6
4.7234e-6
4.7246e-6
4.7169e-6
4.7191e-6
4.7188e-6
4.7169e-6
4.7147e-6
4.7188e-6
4.7193e-6
4.7119e-6
4.7124e-6
4.7187e-6
4.7173e-6
4.7203e-6
4.7152e-6
4.7177e-6
4.7149e-6
4.715e-6
4.715e-6
4.7184e-6
4.7171e-6
4.715e-6
4.7154e-6
4.719e-6
4.7162e-6
4.7216e-6
4.7187e-6
4.7197e-6
4.7161e-6
4.7165e-6
4.7179e-6
4.7126e-6
4.7177e-6
4.712e-6
4.7106e-6
4.7171e-6
4.7142e-6
4.7207e-6
4.7162e-6
4.716e-6
4.7165e-6
4.7183e-6
4.7159e-6
4.718e-6
4.7194e-6
4.7222e-6
4.7198e-6
4.7178e-6
4.7198e-6
4.7182e-6
4.7214e-6
4.7212e-6
4.722e-6
4.7224e-6
4.7196e-6
4.7239e-6
4.7225e-6
4.7234e-6
4.7224e-6
4.7179e-6
4.7202e-6
4.7179e-6
4.7227e-6
4.7199e-6
4.718e-6
4.7178e-6
4.7164e-6
4.7136e-6
4.7181e-6
4.7161e-6
4.7151e-6
4.7123e-6
4.7127e-6
4.712e-6
4.7109e-6
4.7109e-6
4.7124e-6
4.7138e-6
4.7209e-6
4.7162e-6
4.7178e-6
4.7188e-6
4.7171e-6
4.7108e-6
4.7126e-6
4.7117e-6
4.7126e-6
4.7177e-6
4.7109e-6
4.7149e-6
4.7153e-6
4.7146e-6
4.7144e-6
4.7147e-6
4.7123e-6
4.7134e-6
4.7173e-6
4.7198e-6
4.7162e-6
4.7139e-6
4.712e-6
4.7122e-6
4.7177e-6
4.7175e-6
4.7124e-6
4.7153e-6
4.7161e-6
4.7135e-6
4.7161e-6
4.716e-6
4.715e-6
4.7129e-6
4.7127e-6
4.7177e-6
4.7077e-6
4.7087e-6
4.7127e-6
4.7107e-6
4.7115e-6
4.7136e-6
4.713e-6
4.7137e-6
4.7127e-6
4.7137e-6
4.7105e-6
4.7114e-6
4.7106e-6
4.7147e-6
4.712e-6
4.7099e-6
4.7101e-6
4.7145e-6
4.7121e-6
4.7141e-6
4.7116e-6
4.7154e-6
4.716e-6
4.7107e-6
4.7145e-6
4.7108e-6
4.712e-6
4.7133e-6
4.7152e-6
4.711e-6
4.7088e-6
4.712e-6
4.7145e-6
4.7091e-6
4.7123e-6
4.7113e-6
4.7126e-6
4.7108e-6
4.716e-6
4.7146e-6
4.715e-6
4.7116e-6
4.7109e-6
4.7149e-6
4.7096e-6
4.7117e-6
4.7151e-6
4.7153e-6
4.7131e-6
4.7132e-6
4.7137e-6
4.712e-6
4.7092e-6
4.7122e-6
4.7141e-6
4.7104e-6
4.7107e-6
4.7114e-6
4.7132e-6
4.7103e-6
4.7156e-6
4.7119e-6
4.7071e-6
4.714e-6
4.7098e-6
4.7101e-6
4.7052e-6
4.7065e-6
4.7045e-6
4.7122e-6
4.7085e-6
4.7103e-6
4.7073e-6
4.7109e-6
4.7109e-6
4.7085e-6
4.7098e-6
4.7099e-6
4.7119e-6
4.7118e-6
4.7093e-6
4.7083e-6
4.7112e-6
4.7064e-6
4.7054e-6
4.7046e-6
4.7033e-6
4.7086e-6
4.7085e-6
4.7092e-6
4.7028e-6
4.7056e-6
4.7122e-6
4.7055e-6
4.7061e-6
4.7054e-6
4.7047e-6
4.7088e-6
4.7091e-6
4.7026e-6
4.7044e-6
4.7046e-6
4.7069e-6
4.7065e-6
4.709e-6
4.7059e-6
4.7039e-6
4.703e-6
4.7056e-6
4.7101e-6
4.7061e-6
4.7028e-6
4.7045e-6
4.7043e-6
4.7031e-6
4.7054e-6
4.7012e-6
4.7029e-6
4.7041e-6
4.7065e-6
4.7033e-6
4.7034e-6
4.7058e-6
4.7081e-6
4.7039e-6
4.7021e-6
4.7052e-6
4.708e-6
4.7066e-6
4.7076e-6
4.7061e-6
4.7053e-6
4.703e-6
4.7053e-6
4.7045e-6
4.7054e-6
4.7065e-6
4.7031e-6
4.7043e-6
4.7062e-6
4.7048e-6
4.7062e-6
4.7038e-6
4.7018e-6
4.7028e-6
4.704e-6
4.7075e-6
4.7029e-6
4.7021e-6
4.7094e-6
4.7087e-6
4.7062e-6
4.7055e-6
4.7075e-6
4.7078e-6
4.7027e-6
4.7034e-6
4.7094e-6
4.7065e-6
4.7092e-6
4.7034e-6
4.7108e-6
4.7066e-6
4.7078e-6
4.7093e-6
4.7083e-6
4.7088e-6
4.7064e-6
4.7064e-6
4.708e-6
4.7071e-6
4.7013e-6
4.7052e-6
4.7125e-6
4.7097e-6
4.7067e-6
4.7036e-6
4.7055e-6
4.7112e-6
4.7071e-6
4.704e-6
4.7031e-6
4.7055e-6
4.7079e-6
4.7067e-6
4.7026e-6
4.7012e-6
4.7023e-6
4.7044e-6
4.7068e-6
4.6989e-6
4.6997e-6
4.7025e-6
4.7042e-6
4.7022e-6
4.7064e-6
4.7036e-6
4.7023e-6
4.7026e-6
4.7051e-6
4.7003e-6
4.7016e-6
4.7005e-6
4.7009e-6
4.7037e-6
4.7031e-6
4.7033e-6
4.6989e-6
4.7025e-6
4.7027e-6
4.7012e-6
4.699e-6
4.7049e-6
4.7017e-6
4.7047e-6
4.6997e-6
4.7033e-6
4.7012e-6
4.7026e-6
4.703e-6
4.705e-6
4.7038e-6
4.7031e-6
4.7045e-6
4.7056e-6
4.7009e-6
4.6997e-6
4.7082e-6
4.7078e-6
4.7016e-6
4.707e-6
4.7021e-6
4.7012e-6
4.7042e-6
4.7048e-6
4.7e-6
4.7026e-6
4.7071e-6
4.7073e-6
4.7073e-6
4.7088e-6
4.7066e-6
4.7037e-6
4.7022e-6
4.7022e-6
4.704e-6
4.703e-6
4.7051e-6
4.7035e-6
4.7014e-6
4.7013e-6
4.7051e-6
4.7086e-6
4.71e-6
4.7026e-6
4.6999e-6
4.7048e-6
4.7065e-6
4.7027e-6
4.703e-6
4.7033e-6
4.7079e-6
4.7085e-6
4.7087e-6
4.7052e-6
4.7047e-6
4.7006e-6
4.7046e-6
4.7024e-6
4.7039e-6
4.7026e-6
4.7017e-6
4.7051e-6
4.707e-6
4.7055e-6
4.7045e-6
4.7016e-6
4.7076e-6
4.7034e-6
4.7017e-6
4.7023e-6
4.7017e-6
4.6987e-6
4.7035e-6
4.7014e-6
4.7001e-6
4.7036e-6
4.7094e-6
4.7112e-6
4.7072e-6
4.7059e-6
4.7044e-6
4.7026e-6
4.7044e-6
4.7101e-6
4.7034e-6
4.7043e-6
4.707e-6
4.7074e-6
4.7055e-6
4.7044e-6
4.7039e-6
4.7062e-6
4.7076e-6
4.7053e-6
4.7032e-6
4.7053e-6
4.7028e-6
4.7053e-6
4.703e-6
4.7047e-6
4.7047e-6
4.7036e-6
4.7083e-6
4.7013e-6
4.7024e-6
4.6998e-6
4.7024e-6
4.7046e-6
4.7045e-6
4.704e-6
4.7081e-6
4.7031e-6
4.702e-6
4.7044e-6
4.6995e-6
4.7059e-6
4.7026e-6
4.7066e-6
4.7008e-6
4.703e-6
4.7e-6
4.7056e-6
4.7042e-6
4.702e-6
4.7018e-6
4.7002e-6
4.7046e-6
4.7059e-6
4.7046e-6
4.7021e-6
4.7032e-6
4.7034e-6
4.7027e-6
4.7018e-6
4.7049e-6
4.7057e-6
4.7061e-6
4.7032e-6
4.7028e-6
4.6983e-6
4.7034e-6
4.7031e-6
4.705e-6
4.6984e-6
4.6986e-6
4.7008e-6
4.7006e-6
4.7038e-6
4.7035e-6
4.7008e-6
4.7012e-6
4.7005e-6
4.6992e-6
4.699e-6
4.7026e-6
4.703e-6
4.702e-6
4.7025e-6
4.7042e-6
4.6996e-6
4.698e-6
4.6979e-6
4.7017e-6
4.7046e-6
4.6999e-6
4.6989e-6
4.7001e-6
4.7044e-6
4.7032e-6
4.6988e-6
4.7037e-6
4.6972e-6
4.6988e-6
4.6975e-6
4.6941e-6
4.7039e-6
4.7022e-6
4.7001e-6
4.7039e-6
4.6982e-6
4.7013e-6
4.7012e-6
4.7013e-6
4.7014e-6
4.7036e-6
4.705e-6
4.6998e-6
4.7008e-6
4.6986e-6
4.6946e-6
4.6956e-6
4.7017e-6
4.7007e-6
4.7012e-6
4.6988e-6
4.7005e-6
4.6992e-6
4.7017e-6
4.7041e-6
4.6997e-6
4.6976e-6
4.7018e-6
4.7023e-6
4.7017e-6
4.7012e-6
4.7004e-6
4.7005e-6
4.7017e-6
4.7003e-6
4.6962e-6
4.6979e-6
4.701e-6
4.7021e-6
4.7022e-6
4.6978e-6
4.6971e-6
4.6987e-6
4.6998e-6
4.6983e-6
4.6965e-6
4.6934e-6
4.6975e-6
4.6962e-6
4.6987e-6
4.6951e-6
4.7001e-6
4.6974e-6
4.6987e-6
4.6996e-6
4.7e-6
4.6976e-6
4.6962e-6
4.7013e-6
4.6955e-6
4.6942e-6
4.6935e-6
4.6951e-6
4.6962e-6
4.6963e-6
4.6973e-6
4.6953e-6
4.6974e-6
4.6981e-6
4.699e-6
4.6971e-6
4.6949e-6
4.6968e-6
4.6968e-6
4.6973e-6
4.6953e-6
4.6977e-6
4.7039e-6
4.6977e-6
4.6963e-6
4.6971e-6
4.6968e-6
4.6973e-6
4.6969e-6
4.6997e-6
4.697e-6
4.6932e-6
4.6977e-6
4.6958e-6
4.6944e-6
4.6973e-6
4.6928e-6
4.7042e-6
4.6976e-6
4.6962e-6
4.6963e-6
4.6963e-6
4.6981e-6
4.6965e-6
4.6946e-6
4.6978e-6
4.6967e-6
4.6915e-6
4.6963e-6
4.6936e-6
4.6962e-6
4.6978e-6
4.6934e-6
4.6962e-6
4.697e-6
4.6962e-6
4.6953e-6
4.695e-6
4.6935e-6
4.6941e-6
4.6977e-6
4.6996e-6
4.6988e-6
4.6947e-6
4.6969e-6
4.6991e-6
4.6978e-6
4.6946e-6
4.6968e-6
4.6984e-6
4.6949e-6
4.6955e-6
4.698e-6
4.6962e-6
4.7002e-6
4.7002e-6
4.6991e-6
4.6977e-6
4.6967e-6
4.6983e-6
4.6968e-6
4.6998e-6
4.6988e-6
4.6991e-6
4.697e-6
4.6973e-6
4.6973e-6
4.6958e-6
4.7005e-6
4.6966e-6
4.6956e-6
4.6936e-6
4.6932e-6
4.6943e-6
4.698e-6
4.6938e-6
4.6993e-6
4.6977e-6
4.693e-6
4.6982e-6
4.6975e-6
4.6968e-6
4.6923e-6
4.6984e-6
4.6937e-6
4.6913e-6
4.6935e-6
4.6974e-6
4.6977e-6
4.6933e-6
4.6905e-6
4.6945e-6
4.6938e-6
4.6956e-6
4.697e-6
4.6935e-6
4.6945e-6
4.6943e-6
4.6987e-6
4.6973e-6
4.6976e-6
4.6882e-6
4.6976e-6
4.6996e-6
4.6938e-6
4.691e-6
4.6931e-6
4.6947e-6
4.6941e-6
4.6969e-6
4.6936e-6
4.6924e-6
4.6905e-6
4.6933e-6
4.6933e-6
4.6955e-6
4.6939e-6
4.6941e-6
4.6929e-6
4.6949e-6
4.6936e-6
4.6939e-6
4.6957e-6
4.6939e-6
4.6937e-6
4.6908e-6
4.6936e-6
4.6952e-6
4.6929e-6
4.6928e-6
4.6926e-6
4.6918e-6
4.6933e-6
4.6952e-6
4.6912e-6
4.6914e-6
4.6908e-6
4.6903e-6
4.6911e-6
4.6892e-6
4.6904e-6
4.691e-6
4.6969e-6
4.6932e-6
4.6938e-6
4.6949e-6
4.6949e-6
4.6916e-6
4.696e-6
4.6947e-6
4.6951e-6
4.6955e-6
4.6956e-6
4.6964e-6
4.6925e-6
4.6877e-6
4.6943e-6
4.6935e-6
4.6938e-6
4.6932e-6
4.6887e-6
4.693e-6
4.6948e-6
4.6951e-6
4.6914e-6
4.6895e-6
4.6895e-6
4.6898e-6
4.6931e-6
4.6951e-6
4.691e-6
4.6923e-6
4.6917e-6
4.6955e-6
4.6941e-6
4.6971e-6
4.6952e-6
4.695e-6
4.6984e-6
4.6971e-6
4.693e-6
4.6883e-6
4.6926e-6
4.6933e-6
4.6959e-6
4.6951e-6
4.6953e-6
4.6987e-6
4.6958e-6
4.6955e-6
4.6975e-6
4.6989e-6
4.6976e-6
4.6977e-6
4.6957e-6
4.6926e-6
4.6935e-6
4.6915e-6
4.6923e-6
4.6953e-6
4.6942e-6
4.6994e-6
4.6967e-6
4.6993e-6
4.6958e-6
4.6909e-6
4.6944e-6
4.6973e-6
4.6972e-6
4.6938e-6
4.6944e-6
4.6924e-6
4.6936e-6
4.6922e-6
4.6948e-6
4.6933e-6
4.6898e-6
4.6975e-6
4.6942e-6
4.6944e-6
4.6934e-6
4.6952e-6
4.6975e-6
4.6948e-6
4.6983e-6
4.6946e-6
4.7021e-6
4.696e-6
4.6978e-6
4.6984e-6
4.6907e-6
4.6936e-6
4.6942e-6
4.699e-6
4.696e-6
4.6985e-6
4.6941e-6
4.6956e-6
4.6945e-6
4.6947e-6
4.6974e-6
4.697e-6
4.6976e-6
4.7004e-6
4.7014e-6
4.6994e-6
4.6938e-6
4.6922e-6
4.6994e-6
4.6953e-6
4.6989e-6
4.7e-6
4.6995e-6
4.7017e-6
4.6968e-6
4.6984e-6
4.698e-6
4.6966e-6
4.6976e-6
4.6976e-6
4.6963e-6
4.696e-6
4.6902e-6
4.6928e-6
4.6908e-6
4.6908e-6
4.6912e-6
4.6947e-6
4.6961e-6
4.6955e-6
4.6919e-6
4.6923e-6
4.6959e-6
4.6914e-6
4.6927e-6
4.6884e-6
4.6883e-6
4.6953e-6
4.6973e-6
4.6937e-6
4.6954e-6
4.6948e-6
4.6984e-6
4.6942e-6
4.6973e-6
4.6941e-6
4.6945e-6
4.6915e-6
4.6957e-6
4.6919e-6
4.6923e-6
4.6934e-6
4.6931e-6
4.6927e-6
4.6956e-6
4.6952e-6
4.6912e-6
4.691e-6
4.6924e-6
4.6878e-6
4.6892e-6
4.6925e-6
4.6897e-6
4.6907e-6
4.6928e-6
4.6956e-6
4.6914e-6
4.6961e-6
4.6959e-6
4.6938e-6
4.6914e-6
4.6919e-6
4.6891e-6
4.6895e-6
4.6921e-6
4.6864e-6
4.6911e-6
4.6917e-6
4.6945e-6
4.6909e-6
4.692e-6
4.6935e-6
4.6907e-6
4.6944e-6
4.6934e-6
4.6929e-6
4.6928e-6
4.6867e-6
4.6884e-6
4.6883e-6
4.6907e-6
4.6885e-6
4.6859e-6
4.6912e-6
4.6895e-6
4.6904e-6
4.6946e-6
4.6892e-6
4.6934e-6
4.692e-6
4.6892e-6
4.6912e-6
4.6907e-6
4.6928e-6
4.6905e-6
4.6928e-6
4.6918e-6
4.689e-6
4.6961e-6
4.6922e-6
4.6897e-6
4.6914e-6
4.6913e-6
4.6906e-6
4.6923e-6
4.6938e-6
4.6911e-6
4.6926e-6
4.6892e-6
4.6893e-6
4.6898e-6
4.6949e-6
4.6944e-6
4.6853e-6
4.6902e-6
4.6918e-6
4.6947e-6
4.691e-6
4.6897e-6
4.6962e-6
4.6927e-6
4.6896e-6
4.6914e-6
4.693e-6
4.6955e-6
4.6905e-6
4.6898e-6
4.6884e-6
4.6966e-6
4.6922e-6
4.6918e-6
4.6916e-6
4.693e-6
4.6876e-6
4.6912e-6
4.6894e-6
4.6885e-6
4.6918e-6
4.6899e-6
4.6886e-6
4.6883e-6
4.6907e-6
4.6923e-6
4.6918e-6
4.6872e-6
4.6857e-6
4.69e-6
4.6919e-6
4.692e-6
4.6877e-6
4.6923e-6
4.6932e-6
4.6914e-6
4.6941e-6
4.692e-6
4.6847e-6
4.6921e-6
4.69e-6
4.6879e-6
4.6856e-6
4.6931e-6
4.693e-6
4.6902e-6
4.6918e-6
4.6931e-6
4.6939e-6
4.6888e-6
4.691e-6
4.6897e-6
4.6899e-6
4.6914e-6
4.6922e-6
4.6954e-6
4.693e-6
4.6946e-6
4.6926e-6
4.6867e-6
4.6896e-6
4.6928e-6
4.6914e-6
4.6929e-6
4.6916e-6
4.6951e-6
4.6927e-6
4.6921e-6
4.689e-6
4.6879e-6
4.6882e-6
4.69e-6
4.6914e-6
4.688e-6
4.6912e-6
4.6914e-6
4.6916e-6
4.6854e-6
4.6902e-6
4.6895e-6
4.6865e-6
4.6885e-6
4.6867e-6
4.6876e-6
4.6861e-6
4.6883e-6
4.6924e-6
4.6886e-6
4.6876e-6
4.69e-6
4.6909e-6
4.6899e-6
4.6897e-6
4.6917e-6
4.6863e-6
4.6894e-6
4.6866e-6
4.6898e-6
4.6877e-6
4.6942e-6
4.695e-6
4.6892e-6
4.6901e-6
4.6864e-6
4.6903e-6
4.6912e-6
4.6901e-6
4.6896e-6
4.6894e-6
4.6889e-6
4.6906e-6
4.6906e-6
4.6934e-6
4.6866e-6
4.6939e-6
4.6888e-6
4.69e-6
4.6886e-6
4.6945e-6
4.6963e-6
4.695e-6
4.6893e-6
4.6919e-6
4.6892e-6
4.6883e-6
4.6927e-6
4.6878e-6
4.6901e-6
4.6897e-6
4.6905e-6
4.6882e-6
4.6895e-6
4.6871e-6
4.6896e-6
4.6916e-6
4.6878e-6
4.6905e-6
4.6885e-6
4.6865e-6
4.6823e-6
4.6891e-6
4.6916e-6
4.6891e-6
4.6899e-6
4.6902e-6
4.689e-6
4.6871e-6
4.6916e-6
4.6913e-6
4.6894e-6
4.6922e-6
4.6876e-6
4.6893e-6
4.6839e-6
4.6878e-6
4.6894e-6
4.691e-6
4.6865e-6
4.688e-6
4.6862e-6
4.6861e-6
4.688e-6
4.6868e-6
4.6865e-6
4.6884e-6
4.6862e-6
4.6894e-6
4.6791e-6
4.6874e-6
4.685e-6
4.6848e-6
4.6897e-6
4.6849e-6
4.6889e-6
4.6879e-6
4.6891e-6
4.6898e-6
4.6932e-6
4.6887e-6
4.6835e-6
4.688e-6
4.6899e-6
4.684e-6
4.6873e-6
4.6863e-6
4.686e-6
4.6875e-6
4.6906e-6
4.6911e-6
4.6902e-6
4.6938e-6
4.6945e-6
4.6888e-6
4.6903e-6
4.6886e-6
4.6912e-6
4.6914e-6
4.6856e-6
4.6861e-6
4.6896e-6
4.6917e-6
4.6981e-6
4.6935e-6
4.6916e-6
4.695e-6
4.6922e-6
4.6914e-6
4.6913e-6
4.6864e-6
4.6848e-6
4.6863e-6
4.6898e-6
4.6922e-6
4.6861e-6
4.6852e-6
4.6842e-6
4.6869e-6
4.6848e-6
4.6866e-6
4.6851e-6
4.6841e-6
4.6839e-6
4.6815e-6
4.687e-6
4.6866e-6
4.6865e-6
4.6859e-6
4.6838e-6
4.6822e-6
4.687e-6
4.6889e-6
4.6876e-6
4.6822e-6
4.684e-6
4.6855e-6
4.6844e-6
4.6858e-6
4.6864e-6
4.6858e-6
4.6867e-6
4.6856e-6
4.6902e-6
4.6843e-6
4.6853e-6
4.6855e-6
4.6823e-6
4.6888e-6
4.6885e-6
4.6856e-6
4.6821e-6
4.6871e-6
4.6829e-6
4.6878e-6
4.6836e-6
4.6859e-6
4.6811e-6
4.6825e-6
4.6826e-6
4.6862e-6
4.6868e-6
4.6891e-6
4.6884e-6
4.6873e-6
4.6877e-6
4.6863e-6
4.6865e-6
4.6838e-6
4.6866e-6
4.6837e-6
4.6841e-6
4.6846e-6
4.6849e-6
4.6861e-6
4.6881e-6
4.6891e-6
4.687e-6
4.6875e-6
4.6847e-6
4.6904e-6
4.6881e-6
4.6963e-6
4.685e-6
4.6872e-6
4.69e-6
4.6893e-6
4.6893e-6
4.6919e-6
4.6872e-6
4.6921e-6
4.6902e-6
4.6852e-6
4.6923e-6
4.6869e-6
4.6928e-6
4.6922e-6
4.6857e-6
4.6957e-6
4.6933e-6
4.6905e-6
4.6892e-6
4.6873e-6
4.6882e-6
4.6851e-6
4.688e-6
4.687e-6
4.6814e-6
4.6857e-6
4.6823e-6
4.6861e-6
4.6875e-6
4.6873e-6
4.6874e-6
4.6862e-6
4.6831e-6
4.685e-6
4.6891e-6
4.6864e-6
4.6885e-6
4.6899e-6
4.6876e-6
4.6771e-6
4.6878e-6
4.6882e-6
4.6878e-6
4.6927e-6
4.6909e-6
4.689e-6
4.6923e-6
4.6891e-6
4.6864e-6
4.6888e-6
4.6831e-6
4.6856e-6
4.6887e-6
4.6845e-6
4.6839e-6
4.6839e-6
4.6892e-6
4.6852e-6
4.6869e-6
4.6883e-6
4.6902e-6
4.6887e-6
4.689e-6
4.6865e-6
4.6872e-6
4.6879e-6
4.6853e-6
4.6877e-6
4.6845e-6
4.687e-6
4.6886e-6
4.6875e-6
4.6818e-6
4.6826e-6
4.6827e-6
4.6927e-6
4.6856e-6
4.6846e-6
4.685e-6
4.6852e-6
4.6871e-6
4.6861e-6
4.6839e-6
4.688e-6
4.6857e-6
4.6828e-6
4.6885e-6
4.6853e-6
4.6831e-6
4.6837e-6
4.687e-6
4.6875e-6
4.6862e-6
4.6885e-6
4.6864e-6
4.6877e-6
4.6863e-6
4.6825e-6
4.6817e-6
4.6836e-6
4.683e-6
4.6845e-6
4.6888e-6
4.6826e-6
4.6823e-6
4.6841e-6
4.6893e-6
4.687e-6
4.6841e-6
4.6897e-6
4.6833e-6
4.6839e-6
4.6868e-6
4.6833e-6
4.6854e-6
4.6859e-6
4.6865e-6
4.6849e-6
4.6854e-6
4.6869e-6
4.6854e-6
4.6855e-6
4.6824e-6
4.6831e-6
4.6794e-6
4.6818e-6
4.6832e-6
4.6837e-6
4.6828e-6
4.6792e-6
4.6804e-6
4.6813e-6
4.6811e-6
4.6771e-6
4.681e-6
4.6827e-6
4.6823e-6
4.6766e-6
4.6831e-6
4.6825e-6
4.6827e-6
4.6807e-6
4.6774e-6
4.6765e-6
4.678e-6
4.6792e-6
4.6836e-6
4.6796e-6
4.6829e-6
4.6844e-6
4.6859e-6
4.6862e-6
4.6854e-6
4.6845e-6
4.6806e-6
4.6843e-6
4.6854e-6
4.6808e-6
4.6849e-6
4.684e-6
4.6831e-6
4.6877e-6
4.6795e-6
4.6856e-6
4.6812e-6
4.6829e-6
4.6806e-6
4.6828e-6
4.6863e-6
4.6824e-6
4.6841e-6
4.6852e-6
4.6797e-6
4.6805e-6
4.6834e-6
4.6795e-6
4.6783e-6
4.6815e-6
4.6807e-6
4.6833e-6
4.6838e-6
4.6791e-6
4.6806e-6
4.6814e-6
4.6778e-6
4.6847e-6
4.6837e-6
4.6842e-6
4.6824e-6
4.6815e-6
4.6832e-6
4.6804e-6
4.6766e-6
4.6778e-6
4.6804e-6
4.6796e-6
4.6807e-6
4.6774e-6
4.6776e-6
4.6774e-6
4.6797e-6
4.6798e-6
4.6801e-6
4.6765e-6
4.6801e-6
4.6793e-6
4.6801e-6
4.6784e-6
4.6764e-6
4.6776e-6
4.6774e-6
4.6771e-6
4.6734e-6
4.6728e-6
4.6782e-6
4.6813e-6
4.6766e-6
4.6763e-6
4.6753e-6
4.6754e-6
4.6763e-6
4.6795e-6
4.6729e-6
4.6722e-6
4.6737e-6
4.6747e-6
4.674e-6
4.6766e-6
4.6739e-6
4.6796e-6
4.677e-6
4.6796e-6
4.6741e-6
4.6782e-6
4.6775e-6
4.678e-6
4.6792e-6
4.6771e-6
4.6759e-6
4.6791e-6
4.6768e-6
4.6814e-6
4.6785e-6
4.6773e-6
4.672e-6
4.6746e-6
4.673e-6
4.6702e-6
4.6722e-6
4.6706e-6
4.672e-6
4.6763e-6
4.6755e-6
4.6773e-6
4.6763e-6
4.6756e-6
4.6738e-6
4.6746e-6
4.6756e-6
4.6818e-6
4.676e-6
4.6779e-6
4.6752e-6
4.6741e-6
4.6781e-6
4.6774e-6
4.6774e-6
4.68e-6
4.6746e-6
4.6785e-6
4.6809e-6
4.6792e-6
4.6778e-6
4.6767e-6
4.683e-6
4.6776e-6
4.6812e-6
4.6814e-6
4.6808e-6
4.6781e-6
4.6811e-6
4.6779e-6
4.6796e-6
4.6787e-6
4.6755e-6
4.6797e-6
4.6787e-6
4.6731e-6
4.6791e-6
4.6764e-6
4.672e-6
4.6792e-6
4.6763e-6
4.6752e-6
4.6808e-6
4.6795e-6
4.676e-6
4.6731e-6
4.677e-6
4.6799e-6
4.6696e-6
4.6774e-6
4.6794e-6
4.68e-6
4.6844e-6
4.6813e-6
4.6839e-6
4.6767e-6
4.6782e-6
4.6789e-6
4.6791e-6
4.6846e-6
4.6775e-6
4.6817e-6
4.6774e-6
4.6798e-6
4.681e-6
4.6849e-6
4.683e-6
4.6787e-6
4.68e-6
4.6805e-6
4.6873e-6
4.6851e-6
4.6801e-6
4.6827e-6
4.6826e-6
4.6833e-6
4.677e-6
4.6787e-6
4.6801e-6
4.6828e-6
4.6752e-6
4.6772e-6
4.6808e-6
4.6773e-6
4.6803e-6
4.6828e-6
4.6761e-6
4.6783e-6
4.6802e-6
4.6798e-6
4.6793e-6
4.6805e-6
4.6772e-6
4.6832e-6
4.6839e-6
4.678e-6
4.6775e-6
4.6804e-6
4.6791e-6
4.6754e-6
4.6752e-6
4.6767e-6
4.6782e-6
4.6765e-6
4.6766e-6
4.6748e-6
4.6761e-6
4.6806e-6
4.6775e-6
4.6757e-6
4.6753e-6
4.6798e-6
4.6821e-6
4.6819e-6
4.6784e-6
4.6783e-6
4.6809e-6
4.677e-6
4.6797e-6
4.6815e-6
4.6804e-6
4.683e-6
4.6791e-6
4.6815e-6
4.6814e-6
4.6778e-6
4.6808e-6
4.682e-6
4.6812e-6
4.6768e-6
4.6787e-6
4.6761e-6
4.6756e-6
4.6806e-6
4.679e-6
4.6789e-6
4.6811e-6
4.6771e-6
4.6755e-6
4.6787e-6
4.6732e-6
4.6721e-6
4.6739e-6
4.6727e-6
4.6757e-6
4.6755e-6
4.6764e-6
4.6794e-6
4.6779e-6
4.6778e-6
4.6742e-6
4.6746e-6
4.6723e-6
4.674e-6
4.671e-6
4.6716e-6
4.6736e-6
4.676e-6
4.6731e-6
4.6745e-6
4.6712e-6
4.6723e-6
4.6752e-6
4.6759e-6
4.6725e-6
4.67e-6
4.6759e-6
4.6751e-6
4.6749e-6
4.6723e-6
4.6726e-6
4.6742e-6
4.6702e-6
4.6708e-6
4.6741e-6
4.6709e-6
4.6667e-6
4.6717e-6
4.6765e-6
4.6786e-6
4.6771e-6
4.673e-6
4.6785e-6
4.6696e-6
4.6744e-6
4.6733e-6
4.6737e-6
4.6729e-6
4.675e-6
4.6692e-6
4.6733e-6
4.6724e-6
4.674e-6
4.6682e-6
4.6726e-6
4.6678e-6
4.6694e-6
4.6716e-6
4.6699e-6
4.6736e-6
4.6689e-6
4.6715e-6
4.6713e-6
4.6726e-6
4.6731e-6
4.6712e-6
4.6698e-6
4.6729e-6
4.6678e-6
4.6692e-6
4.6714e-6
4.6717e-6
4.6683e-6
4.6682e-6
4.67e-6
4.672e-6
4.6695e-6
4.6718e-6
4.6752e-6
4.6732e-6
4.6709e-6
4.6712e-6
4.6749e-6
4.6665e-6
4.6714e-6
4.6731e-6
4.6721e-6
4.6682e-6
4.6728e-6
4.6718e-6
4.6699e-6
4.6711e-6
4.6715e-6
4.6734e-6
4.6718e-6
4.6708e-6
4.6642e-6
4.6672e-6
4.6623e-6
4.6647e-6
4.6701e-6
4.6715e-6
4.6685e-6
4.6677e-6
4.6656e-6
4.6627e-6
4.6619e-6
4.6649e-6
4.6683e-6
4.6681e-6
4.6631e-6
4.6652e-6
4.6655e-6
4.6671e-6
4.6704e-6
4.6658e-6
4.6641e-6
4.6643e-6
4.6661e-6
4.6634e-6
4.6602e-6
4.6633e-6
4.6618e-6
4.6647e-6
4.662e-6
4.6643e-6
4.6616e-6
4.664e-6
4.6618e-6
4.6607e-6
4.6584e-6
4.6605e-6
4.6633e-6
4.6614e-6
4.6616e-6
4.6592e-6
4.6636e-6
4.6613e-6
4.6646e-6
4.6588e-6
4.6623e-6
4.661e-6
4.6594e-6
4.6574e-6
4.662e-6
4.6568e-6
4.663e-6
4.6586e-6
4.6613e-6
4.6595e-6
4.6638e-6
4.6613e-6
4.6655e-6
4.6654e-6
4.6601e-6
4.6639e-6
4.6647e-6
4.661e-6
4.6652e-6
4.6625e-6
4.6605e-6
4.6635e-6
4.6602e-6
4.6656e-6
4.6638e-6
4.6584e-6
4.6628e-6
4.6599e-6
4.6611e-6
4.6616e-6
4.6574e-6
4.6611e-6
4.6594e-6
4.6631e-6
4.6607e-6
4.6624e-6
4.658e-6
4.6604e-6
4.6634e-6
4.6622e-6
4.6603e-6
4.6566e-6
4.6624e-6
4.6588e-6
4.6609e-6
4.6623e-6
4.6627e-6
4.6631e-6
4.6597e-6
4.6626e-6
4.658e-6
4.6605e-6
4.6583e-6
4.6591e-6
4.6628e-6
4.661e-6
4.6647e-6
4.664e-6
4.6708e-6
4.6646e-6
4.6668e-6
4.6668e-6
4.6651e-6
4.6646e-6
4.665e-6
4.6657e-6
4.6638e-6
4.6626e-6
4.6641e-6
4.6641e-6
4.6626e-6
4.6629e-6
4.6644e-6
4.6582e-6
4.6601e-6
4.658e-6
4.6628e-6
4.6628e-6
4.6616e-6
4.6624e-6
4.6629e-6
4.664e-6
4.6683e-6
4.6664e-6
4.6683e-6
4.6664e-6
4.6613e-6
4.6663e-6
4.6667e-6
4.6689e-6
4.6659e-6
4.6652e-6
4.6625e-6
4.6671e-6
4.6713e-6
4.6679e-6
4.6647e-6
4.6688e-6
4.6629e-6
4.6652e-6
4.662e-6
4.6655e-6
4.6614e-6
4.6676e-6
4.667e-6
4.6639e-6
4.663e-6
4.6642e-6
4.6685e-6
4.6658e-6
4.6633e-6
4.6608e-6
4.6586e-6
4.665e-6
4.6644e-6
4.6638e-6
4.665e-6
4.6632e-6
4.6619e-6
4.6605e-6
4.6645e-6
4.6564e-6
4.6592e-6
4.6604e-6
4.6634e-6
4.6631e-6
4.6619e-6
4.6622e-6
4.662e-6
4.6646e-6
4.6633e-6
4.6645e-6
4.6632e-6
4.6633e-6
4.6615e-6
4.6624e-6
4.6612e-6
4.6599e-6
4.6659e-6
4.6616e-6
4.659e-6
4.6648e-6
4.6623e-6
4.6649e-6
4.6586e-6
4.6611e-6
4.6612e-6
4.662e-6
4.6627e-6
4.666e-6
4.6619e-6
4.6579e-6
4.6668e-6
4.6634e-6
4.6657e-6
4.6633e-6
4.6611e-6
4.6625e-6
4.6648e-6
4.6625e-6
4.662e-6
4.6579e-6
4.663e-6
4.6628e-6
4.6615e-6
4.663e-6
4.6628e-6
4.6594e-6
4.657e-6
4.6593e-6
4.6607e-6
4.6616e-6
4.661e-6
4.6614e-6
4.665e-6
4.6599e-6
4.662e-6
4.662e-6
4.6656e-6
4.665e-6
4.6605e-6
4.6616e-6
4.6623e-6
4.6624e-6
4.6604e-6
4.6635e-6
4.6607e-6
4.6622e-6
4.6608e-6
4.6655e-6
4.6592e-6
4.662e-6
4.6644e-6
4.6652e-6
4.6623e-6
4.6597e-6
4.6593e-6
4.6619e-6
4.6633e-6
4.6654e-6
4.6617e-6
4.6607e-6
4.6574e-6
4.6577e-6
4.6616e-6
4.6637e-6
4.6586e-6
4.6609e-6
4.6628e-6
4.6619e-6
4.6569e-6
4.6608e-6
4.6601e-6
4.6649e-6
4.6592e-6
4.6632e-6
4.658e-6
4.6631e-6
4.6596e-6
4.6603e-6
4.6576e-6
4.6556e-6
4.6589e-6
4.6599e-6
4.6609e-6
4.6544e-6
4.6612e-6
4.6567e-6
4.6603e-6
4.655e-6
4.6549e-6
4.6628e-6
4.6636e-6
4.6607e-6
4.662e-6
4.657e-6
4.6585e-6
4.657e-6
4.6563e-6
4.6593e-6
4.655e-6
4.6558e-6
4.6582e-6
4.6556e-6
4.6598e-6
4.6566e-6
4.6566e-6
4.659e-6
4.658e-6
4.6607e-6
4.6589e-6
4.6586e-6
4.6628e-6
4.6624e-6
4.6596e-6
4.6591e-6
4.6612e-6
4.6637e-6
4.6594e-6
4.6595e-6
4.6577e-6
4.6586e-6
4.6591e-6
4.6609e-6
4.657e-6
4.6572e-6
4.657e-6
4.6597e-6
4.6562e-6
4.6612e-6
4.657e-6
4.6588e-6
4.6573e-6
4.6634e-6
4.6622e-6
4.6566e-6
4.66e-6
4.6584e-6
4.6627e-6
4.661e-6
4.657e-6
4.6603e-6
4.661e-6
4.6581e-6
4.6623e-6
4.6608e-6
4.6612e-6
4.6626e-6
4.6599e-6
4.6572e-6
4.6613e-6
4.661e-6
4.6552e-6
4.659e-6
4.657e-6
4.6591e-6
4.6584e-6
4.6638e-6
4.6571e-6
4.6618e-6
4.6569e-6
4.6599e-6
4.6599e-6
4.6607e-6
4.6634e-6
4.6615e-6
4.6623e-6
4.6611e-6
4.6606e-6
4.6626e-6
4.6593e-6
4.6621e-6
4.6586e-6
4.6595e-6
4.6587e-6
4.6593e-6
4.6633e-6
4.6595e-6
4.6612e-6
4.6582e-6
4.6568e-6
4.6558e-6
4.6587e-6
4.658e-6
4.6604e-6
4.6576e-6
4.66e-6
4.6543e-6
4.6583e-6
4.6551e-6
4.656e-6
4.6581e-6
4.6567e-6
4.661e-6
4.6564e-6
4.6601e-6
4.6553e-6
4.6595e-6
4.6584e-6
4.6532e-6
4.6503e-6
4.6571e-6
4.6574e-6
4.6565e-6
4.6613e-6
4.6602e-6
4.6555e-6
4.6572e-6
4.6582e-6
4.6554e-6
4.6564e-6
4.6595e-6
4.6575e-6
4.6595e-6
4.6585e-6
4.6606e-6
4.6544e-6
4.6566e-6
4.6603e-6
4.6609e-6
4.6576e-6
4.6546e-6
4.6589e-6
4.657e-6
4.6591e-6
4.656e-6
4.6556e-6
4.6573e-6
4.6598e-6
4.6594e-6
4.6558e-6
4.6544e-6
4.6584e-6
4.6546e-6
4.6558e-6
4.6563e-6
4.6539e-6
4.653e-6
4.6528e-6
4.6573e-6
4.6573e-6
4.6541e-6
4.6543e-6
4.6548e-6
4.6526e-6
4.6554e-6
4.657e-6
4.6571e-6
4.6573e-6
4.6583e-6
4.654e-6
4.6527e-6
4.6539e-6
4.656e-6
4.656e-6
4.6512e-6
4.6535e-6
4.6596e-6
4.6576e-6
4.6564e-6
4.6572e-6
4.659e-6
4.6594e-6
4.6545e-6
4.6557e-6
4.6535e-6
4.6584e-6
4.6599e-6
4.6587e-6
4.6574e-6
4.6519e-6
4.6521e-6
4.6563e-6
4.6538e-6
4.6536e-6
4.6538e-6
4.6544e-6
4.6574e-6
4.6622e-6
4.6598e-6
4.6553e-6
4.6574e-6
4.659e-6
4.656e-6
4.6615e-6
4.6558e-6
4.6559e-6
4.6602e-6
4.6593e-6
4.6577e-6
4.6579e-6
4.6592e-6
4.6614e-6
4.6611e-6
4.6615e-6
4.6605e-6
4.6577e-6
4.657e-6
4.6607e-6
4.6545e-6
4.6594e-6
4.6578e-6
4.6618e-6
4.6591e-6
4.6645e-6
4.6573e-6
4.6611e-6
4.66e-6
4.6563e-6
4.6552e-6
4.6579e-6
4.6554e-6
4.6593e-6
4.6581e-6
4.655e-6
4.6537e-6
4.66e-6
4.6581e-6
4.6639e-6
4.6588e-6
4.6476e-6
4.6566e-6
4.6577e-6
4.6577e-6
4.6596e-6
4.6617e-6
4.6552e-6
4.6579e-6
4.6601e-6
4.6545e-6
4.6513e-6
4.6538e-6
4.655e-6
4.6608e-6
4.6568e-6
4.6538e-6
4.6558e-6
4.6551e-6
4.6598e-6
4.6588e-6
4.6574e-6
4.6563e-6
4.6628e-6
4.6578e-6
4.6603e-6
4.6572e-6
4.6602e-6
4.6539e-6
4.6579e-6
4.6581e-6
4.6591e-6
4.6584e-6
4.6495e-6
4.6561e-6
4.6604e-6
4.6584e-6
4.654e-6
4.6588e-6
4.6605e-6
4.6603e-6
4.658e-6
4.6548e-6
4.6547e-6
4.6541e-6
4.6546e-6
4.6553e-6
4.6581e-6
4.6592e-6
4.6607e-6
4.6587e-6
4.6579e-6
4.6584e-6
4.6584e-6
4.6557e-6
4.6602e-6
4.6581e-6
4.6551e-6
4.6581e-6
4.6551e-6
4.6544e-6
4.6562e-6
4.6531e-6
4.6512e-6
4.6565e-6
4.6536e-6
4.6514e-6
4.6556e-6
4.6551e-6
4.6547e-6
4.6555e-6
4.6504e-6
4.6502e-6
4.6547e-6
4.6568e-6
4.6527e-6
4.6551e-6
4.6543e-6
4.6616e-6
4.6583e-6
4.6573e-6
4.654e-6
4.6504e-6
4.652e-6
4.6553e-6
4.6578e-6
4.6557e-6
4.6506e-6
4.6517e-6
4.6579e-6
4.6543e-6
4.6521e-6
4.65e-6
4.6548e-6
4.6525e-6
4.6537e-6
4.6498e-6
4.6504e-6
4.6499e-6
4.6522e-6
4.6511e-6
4.6526e-6
4.656e-6
4.6516e-6
4.6549e-6
4.6572e-6
4.6526e-6
4.6498e-6
4.6466e-6
4.6489e-6
4.6473e-6
4.6474e-6
4.6474e-6
4.6473e-6
4.6492e-6
4.6521e-6
4.6501e-6
4.6506e-6
4.6525e-6
4.6496e-6
4.6526e-6
4.6501e-6
4.6501e-6
4.652e-6
4.6496e-6
4.6502e-6
4.6486e-6
4.6497e-6
4.6497e-6
4.6482e-6
4.649e-6
4.647e-6
4.651e-6
4.6522e-6
4.65e-6
4.6495e-6
4.6495e-6
4.6459e-6
4.6484e-6
4.6487e-6
4.6518e-6
4.6479e-6
4.6489e-6
4.6486e-6
4.6503e-6
4.65e-6
4.6525e-6
4.6504e-6
4.6505e-6
4.6527e-6
4.6495e-6
4.6523e-6
4.6508e-6
4.65e-6
4.6543e-6
4.6486e-6
4.65e-6
4.6473e-6
4.6485e-6
4.6515e-6
4.6489e-6
4.6517e-6
4.6541e-6
4.6545e-6
4.6504e-6
4.6539e-6
4.6503e-6
4.6522e-6
4.651e-6
4.6551e-6
4.6495e-6
4.6511e-6
4.6549e-6
4.6496e-6
4.6511e-6
4.6509e-6
4.6492e-6
4.653e-6
4.6497e-6
4.653e-6
4.6482e-6
4.6485e-6
4.6516e-6
4.6526e-6
4.65e-6
4.6531e-6
4.6475e-6
4.6492e-6
4.6471e-6
4.6491e-6
4.6509e-6
4.645e-6
4.6447e-6
4.6466e-6
4.6478e-6
4.6514e-6
4.6503e-6
4.6476e-6
4.6508e-6
4.65e-6
4.6524e-6
4.6464e-6
4.6513e-6
4.6501e-6
4.6481e-6
4.6489e-6
4.6493e-6
4.6486e-6
4.6516e-6
4.6506e-6
4.6501e-6
4.6504e-6
4.6519e-6
4.6506e-6
4.6513e-6
4.6533e-6
4.6502e-6
4.6525e-6
4.6521e-6
4.6509e-6
4.6524e-6
4.6481e-6
4.6521e-6
4.6469e-6
4.6496e-6
4.6482e-6
4.6497e-6
4.6529e-6
4.6532e-6
4.6533e-6
4.6505e-6
4.6503e-6
4.644e-6
4.6455e-6
4.6487e-6
4.6464e-6
4.6456e-6
4.6496e-6
4.646e-6
4.6487e-6
4.6476e-6
4.6491e-6
4.6466e-6
4.6472e-6
4.6507e-6
4.6459e-6
4.6441e-6
4.645e-6
4.6502e-6
4.6477e-6
4.6484e-6
4.647e-6
4.65e-6
4.6507e-6
4.6496e-6
4.6507e-6
4.6479e-6
4.6514e-6
4.6488e-6
4.6482e-6
4.647e-6
4.6472e-6
4.6469e-6
4.6483e-6
4.6502e-6
4.6492e-6
4.6492e-6
4.6514e-6
4.6508e-6
4.6539e-6
4.6485e-6
4.6477e-6
4.6466e-6
4.6453e-6
4.6487e-6
4.644e-6
4.6483e-6
4.6442e-6
4.6498e-6
4.6522e-6
4.651e-6
4.6512e-6
4.6523e-6
4.6502e-6
4.6528e-6
4.6529e-6
4.6463e-6
4.6426e-6
4.6429e-6
4.6488e-6
4.6456e-6
4.6444e-6
4.6433e-6
4.6459e-6
4.6499e-6
4.6442e-6
4.6452e-6
4.6449e-6
4.6481e-6
4.6438e-6
4.6465e-6
4.6459e-6
4.6475e-6
4.643e-6
4.6433e-6
4.6494e-6
4.6439e-6
4.6488e-6
4.6452e-6
4.642e-6
4.6448e-6
4.6443e-6
4.6405e-6
4.6379e-6
4.6454e-6
4.6433e-6
4.6367e-6
4.6426e-6
4.6421e-6
4.6432e-6
4.6486e-6
4.6429e-6
4.6455e-6
4.6449e-6
4.6479e-6
4.6437e-6
4.6492e-6
4.6459e-6
4.6448e-6
4.6481e-6
4.647e-6
4.639e-6
4.6437e-6
4.6446e-6
4.6493e-6
4.6454e-6
4.6415e-6
4.6465e-6
4.6464e-6
4.6452e-6
4.6488e-6
4.6492e-6
4.6462e-6
4.6478e-6
4.6463e-6
4.6492e-6
4.645e-6
4.645e-6
4.649e-6
4.6488e-6
4.6442e-6
4.6436e-6
4.6467e-6
4.6407e-6
4.6518e-6
4.6458e-6
4.6491e-6
4.6439e-6
4.6518e-6
4.6528e-6
4.6466e-6
4.6475e-6
4.642e-6
4.6485e-6
4.6453e-6
4.6511e-6
4.6487e-6
4.6479e-6
4.6451e-6
4.6489e-6
4.6479e-6
4.6449e-6
4.6458e-6
4.6434e-6
4.6431e-6
4.648e-6
4.6408e-6
4.6374e-6
4.6421e-6
4.6434e-6
4.6387e-6
4.6399e-6
4.6396e-6
4.6424e-6
4.6448e-6
4.6376e-6
4.6367e-6
4.6412e-6
4.6423e-6
4.6412e-6
4.6435e-6
4.6426e-6
4.6429e-6
4.6424e-6
4.6459e-6
4.643e-6
4.6428e-6
4.6398e-6
4.6413e-6
4.6408e-6
4.6405e-6
4.6404e-6
4.6436e-6
4.6386e-6
4.6441e-6
4.6408e-6
4.6425e-6
4.6385e-6
4.6428e-6
4.6415e-6
4.6427e-6
4.6457e-6
4.6396e-6
4.6411e-6
4.6421e-6
4.6397e-6
4.6406e-6
4.6441e-6
4.6429e-6
4.6409e-6
4.6362e-6
4.6412e-6
4.6423e-6
4.6449e-6
4.6429e-6
4.642e-6
4.643e-6
4.6399e-6
4.6396e-6
4.6408e-6
4.6396e-6
4.6377e-6
4.6365e-6
4.6415e-6
4.64e-6
4.6482e-6
4.6421e-6
4.6433e-6
4.6412e-6
4.6401e-6
4.641e-6
4.6447e-6
4.6477e-6
4.6499e-6
4.6432e-6
4.6435e-6
4.6456e-6
4.6487e-6
4.6467e-6
4.6496e-6
4.6553e-6
4.6379e-6
4.6462e-6
4.6441e-6
4.6444e-6
4.6496e-6
4.6457e-6
4.6518e-6
4.6426e-6
4.6414e-6
4.6532e-6
4.6504e-6
4.6524e-6
4.6463e-6
4.65e-6
4.6496e-6
4.6429e-6
4.6455e-6
4.6424e-6
4.6393e-6
4.6494e-6
4.6399e-6
4.6412e-6
4.649e-6
4.6512e-6
4.6458e-6
4.6456e-6
4.644e-6
4.6475e-6
4.6465e-6
4.6475e-6
4.6436e-6
4.6481e-6
4.6458e-6
4.6448e-6
4.6494e-6
4.6474e-6
4.6453e-6
4.6453e-6
4.6501e-6
4.6431e-6
4.6478e-6
4.6437e-6
4.6484e-6
4.646e-6
4.6446e-6
4.647e-6
4.647e-6
4.6411e-6
4.6375e-6
4.643e-6
4.6451e-6
4.6441e-6
4.648e-6
4.6465e-6
4.6484e-6
4.6431e-6
4.6425e-6
4.6495e-6
4.648e-6
4.6457e-6
4.6449e-6
4.6445e-6
4.6408e-6
4.6418e-6
4.6494e-6
4.6432e-6
4.6414e-6
4.6372e-6
4.6401e-6
4.6432e-6
4.6444e-6
4.6422e-6
4.6424e-6
4.6453e-6
4.6432e-6
4.6457e-6
4.6403e-6
4.6404e-6
4.6417e-6
4.6388e-6
4.6465e-6
4.6456e-6
4.6412e-6
4.6415e-6
4.6428e-6
4.6453e-6
4.6415e-6
4.6466e-6
4.6468e-6
4.6468e-6
4.6428e-6
4.6445e-6
4.6407e-6
4.6408e-6
4.6449e-6
4.6409e-6
4.6456e-6
4.6414e-6
4.642e-6
4.6449e-6
4.6419e-6
4.6459e-6
4.6409e-6
4.6441e-6
4.6467e-6
4.6443e-6
4.6469e-6
4.6466e-6
4.6466e-6
4.6456e-6
4.6423e-6
4.6439e-6
4.6427e-6
4.6459e-6
4.6445e-6
4.646e-6
4.6444e-6
4.6447e-6
4.6403e-6
4.6407e-6
4.6418e-6
4.6455e-6
4.6457e-6
4.6445e-6
4.6403e-6
4.6406e-6
4.6425e-6
4.6432e-6
4.6447e-6
4.6424e-6
4.6447e-6
4.6438e-6
4.6425e-6
4.6459e-6
4.644e-6
4.6433e-6
4.6387e-6
4.6369e-6
4.6432e-6
4.6406e-6
4.6417e-6
4.6394e-6
4.6429e-6
4.6432e-6
4.6395e-6
4.6399e-6
4.6386e-6
4.6401e-6
4.6437e-6
4.6383e-6
4.6388e-6
4.6417e-6
4.641e-6
4.644e-6
4.6397e-6
4.6386e-6
4.6403e-6
4.6386e-6
4.6416e-6
4.6394e-6
4.632e-6
4.6418e-6
4.6413e-6
4.6378e-6
4.6406e-6
4.6424e-6
4.6405e-6
4.6374e-6
4.6411e-6
4.6356e-6
4.6374e-6
4.6366e-6
4.6351e-6
4.6358e-6
4.6349e-6
4.6374e-6
4.6384e-6
4.6372e-6
4.64e-6
4.6387e-6
4.6396e-6
4.6368e-6
4.6376e-6
4.6382e-6
4.6403e-6
4.6385e-6
4.6405e-6
4.6394e-6
4.6384e-6
4.6352e-6
4.636e-6
4.6329e-6
4.6341e-6
4.6391e-6
4.6359e-6
4.6352e-6
4.6381e-6
4.6366e-6
4.6432e-6
4.6416e-6
4.638e-6
4.6351e-6
4.6353e-6
4.6359e-6
4.6378e-6
4.6337e-6
4.6341e-6
4.634e-6
4.6376e-6
4.6405e-6
4.6351e-6
4.6402e-6
4.6426e-6
4.6344e-6
4.6384e-6
4.639e-6
4.6399e-6
4.6331e-6
4.6322e-6
4.6352e-6
4.6328e-6
4.6351e-6
4.6355e-6
4.6323e-6
4.6358e-6
4.6356e-6
4.6322e-6
4.6335e-6
4.6341e-6
4.633e-6
4.6338e-6
4.6348e-6
4.6349e-6
4.6348e-6
4.6346e-6
4.6342e-6
4.6341e-6
4.6334e-6
4.6319e-6
4.6307e-6
4.6295e-6
4.6283e-6
4.6302e-6
4.6353e-6
4.6345e-6
4.6345e-6
4.6338e-6
4.6387e-6
4.6355e-6
4.6336e-6
4.6338e-6
4.6372e-6
4.6356e-6
4.6387e-6
4.6361e-6
4.6326e-6
4.636e-6
4.6343e-6
4.6381e-6
4.6366e-6
4.6389e-6
4.6349e-6
4.6381e-6
4.638e-6
4.6354e-6
4.6322e-6
4.6374e-6
4.6353e-6
4.6382e-6
4.6369e-6
4.6337e-6
4.6401e-6
4.6345e-6
4.6329e-6
4.6387e-6
4.6301e-6
4.6378e-6
4.6333e-6
4.6344e-6
4.6346e-6
4.6288e-6
4.6288e-6
4.6304e-6
4.6357e-6
4.6301e-6
4.6291e-6
4.6299e-6
4.6341e-6
4.635e-6
4.6375e-6
4.6308e-6
4.6295e-6
4.6311e-6
4.6342e-6
4.6295e-6
4.6296e-6
4.6341e-6
4.6316e-6
4.6357e-6
4.6325e-6
4.6377e-6
4.6357e-6
4.6323e-6
4.6391e-6
4.6372e-6
4.6365e-6
4.6317e-6
4.6385e-6
4.6406e-6
4.6364e-6
4.6351e-6
4.6346e-6
4.6371e-6
4.6389e-6
4.6385e-6
4.6357e-6
4.6347e-6
4.6414e-6
4.6334e-6
4.6333e-6
4.6315e-6
4.6336e-6
4.6286e-6
4.6319e-6
4.6305e-6
4.6306e-6
4.6294e-6
4.6338e-6
4.6342e-6
4.6348e-6
4.632e-6
4.632e-6
4.6316e-6
4.6336e-6
4.6332e-6
4.6312e-6
4.6281e-6
4.6309e-6
4.6315e-6
4.6351e-6
4.6338e-6
4.6285e-6
4.628e-6
4.6318e-6
4.6314e-6
4.6326e-6
4.6313e-6
4.6306e-6
4.6319e-6
4.6344e-6
4.6282e-6
4.6285e-6
4.6306e-6
4.6323e-6
4.632e-6
4.6338e-6
4.6322e-6
4.6328e-6
4.6336e-6
4.6336e-6
4.6334e-6
4.635e-6
4.6337e-6
4.631e-6
4.6299e-6
4.6348e-6
4.6295e-6
4.6329e-6
4.6347e-6
4.6376e-6
4.6291e-6
4.6329e-6
4.6298e-6
4.6336e-6
4.6311e-6
4.6268e-6
4.6307e-6
4.6274e-6
4.6306e-6
4.6314e-6
4.6317e-6
4.6316e-6
4.6289e-6
4.6323e-6
4.6344e-6
4.6307e-6
4.6297e-6
4.6314e-6
4.6282e-6
4.6269e-6
4.6282e-6
4.6275e-6
4.6289e-6
4.629e-6
4.6291e-6
4.6314e-6
4.6292e-6
4.6285e-6
4.6274e-6
4.6269e-6
4.6236e-6
4.6257e-6
4.6259e-6
4.6279e-6
4.6303e-6
4.6277e-6
4.6255e-6
4.6278e-6
4.6274e-6
4.6272e-6
4.6279e-6
4.6244e-6
4.628e-6
4.632e-6
4.6338e-6
4.6251e-6
4.6275e-6
4.6297e-6
4.6265e-6
4.6275e-6
4.6253e-6
4.6297e-6
4.6234e-6
4.6251e-6
4.6265e-6
4.6276e-6
4.6317e-6
4.6241e-6
4.6307e-6
4.6246e-6
4.6245e-6
4.6274e-6
4.6244e-6
4.6272e-6
4.6297e-6
4.6241e-6
4.6284e-6
4.6254e-6
4.6252e-6
4.6279e-6
4.626e-6
4.6273e-6
4.6282e-6
4.6248e-6
4.6281e-6
4.628e-6
4.6282e-6
4.6234e-6
4.6266e-6
4.6277e-6
4.6263e-6
4.6274e-6
4.6243e-6
4.6298e-6
4.6261e-6
4.6213e-6
4.6277e-6
4.6264e-6
4.6292e-6
4.629e-6
4.6265e-6
4.6275e-6
4.6266e-6
4.6257e-6
4.6254e-6
4.6248e-6
4.6259e-6
4.6286e-6
4.6303e-6
4.6265e-6
4.624e-6
4.625e-6
4.6253e-6
4.6301e-6
4.6277e-6
4.6263e-6
4.6258e-6
4.6254e-6
4.6273e-6
4.6263e-6
4.6252e-6
4.623e-6
4.6279e-6
4.6235e-6
4.6265e-6
4.6249e-6
4.6261e-6
4.6256e-6
4.6266e-6
4.6265e-6
4.6205e-6
4.6218e-6
4.6205e-6
4.6255e-6
4.6235e-6
4.6222e-6
4.6248e-6
4.6227e-6
4.6263e-6
4.6259e-6
4.6254e-6
4.6261e-6
4.6235e-6
4.6258e-6
4.6246e-6
4.6254e-6
4.6216e-6
4.6221e-6
4.6229e-6
4.6225e-6
4.6183e-6
4.624e-6
4.6208e-6
4.6227e-6
4.623e-6
4.6211e-6
4.6232e-6
4.6236e-6
4.6227e-6
4.6212e-6
4.6209e-6
4.6228e-6
4.6226e-6
4.6199e-6
4.6206e-6
4.6177e-6
4.6206e-6
4.6176e-6
4.6192e-6
4.6176e-6
4.6201e-6
4.6209e-6
4.6247e-6
4.6196e-6
4.6203e-6
4.6197e-6
4.6246e-6
4.6249e-6
4.6203e-6
4.6216e-6
4.6186e-6
4.6205e-6
4.6251e-6
4.6214e-6
4.6182e-6
4.6169e-6
4.6222e-6
4.6199e-6
4.6173e-6
4.6194e-6
4.6222e-6
4.6164e-6
4.621e-6
4.6184e-6
4.6204e-6
4.6189e-6
4.6228e-6
4.6195e-6
4.6187e-6
4.6198e-6
4.6221e-6
4.6201e-6
4.6236e-6
4.6235e-6
4.6172e-6
4.6217e-6
4.6181e-6
4.6226e-6
4.6244e-6
4.6197e-6
4.6193e-6
4.6202e-6
4.6214e-6
4.6198e-6
4.6211e-6
4.6167e-6
4.6188e-6
4.6165e-6
4.6209e-6
4.6159e-6
4.6187e-6
4.6201e-6
4.618e-6
4.6192e-6
4.6209e-6
4.6167e-6
4.617e-6
4.6188e-6
4.6193e-6
4.6154e-6
4.6184e-6
4.6204e-6
4.6227e-6
4.6226e-6
4.6199e-6
4.6203e-6
4.6169e-6
4.6154e-6
4.6149e-6
4.616e-6
4.6172e-6
4.6141e-6
4.6151e-6
4.6204e-6
4.6176e-6
4.6198e-6
4.6177e-6
4.6231e-6
4.6192e-6
4.6208e-6
4.6174e-6
4.6201e-6
4.6191e-6
4.6178e-6
4.6218e-6
4.6216e-6
4.6169e-6
4.6167e-6
4.6202e-6
4.6179e-6
4.6193e-6
4.6227e-6
4.6207e-6
4.6209e-6
4.619e-6
4.6231e-6
4.623e-6
4.6224e-6
4.6225e-6
4.621e-6
4.622e-6
4.6187e-6
4.619e-6
4.6167e-6
4.6185e-6
4.6208e-6
4.6217e-6
4.619e-6
4.6213e-6
4.616e-6
4.6189e-6
4.6167e-6
4.6206e-6
4.6195e-6
4.6162e-6
4.6208e-6
4.6185e-6
4.6213e-6
4.6179e-6
4.6229e-6
4.6211e-6
4.6218e-6
4.6191e-6
4.6177e-6
4.6173e-6
4.6215e-6
4.6219e-6
4.6213e-6
4.6212e-6
4.6194e-6
4.6173e-6
4.6229e-6
4.629e-6
4.6212e-6
4.6204e-6
4.6209e-6
4.6244e-6
4.6242e-6
4.6202e-6
4.623e-6
4.6235e-6
4.621e-6
4.6231e-6
4.6219e-6
4.6232e-6
4.6247e-6
4.6232e-6
4.6253e-6
4.6265e-6
4.6215e-6
4.6216e-6
4.6199e-6
4.6222e-6
4.6186e-6
4.6233e-6
4.6173e-6
4.6222e-6
4.618e-6
4.6258e-6
4.6211e-6
4.6251e-6
4.6265e-6
4.6237e-6
4.6261e-6
4.624e-6
4.6218e-6
4.6262e-6
4.6233e-6
4.622e-6
4.6296e-6
4.6237e-6
4.6271e-6
4.6223e-6
4.6195e-6
4.6245e-6
4.6231e-6
4.6199e-6
4.6213e-6
4.6235e-6
4.6243e-6
4.6256e-6
4.6192e-6
4.6207e-6
4.6238e-6
4.6186e-6
4.6218e-6
4.624e-6
4.6209e-6
4.6231e-6
4.623e-6
4.625e-6
4.6222e-6
4.6197e-6
4.6225e-6
4.6203e-6
4.6225e-6
4.6183e-6
4.6193e-6
4.6215e-6
4.6214e-6
4.6233e-6
4.6245e-6
4.6226e-6
4.6201e-6
4.6177e-6
4.6191e-6
4.6176e-6
4.6212e-6
4.6219e-6
4.6202e-6
4.6198e-6
4.6236e-6
4.6198e-6
4.6251e-6
4.6224e-6
4.6206e-6
4.618e-6
4.6184e-6
4.6204e-6
4.6184e-6
4.6219e-6
4.6215e-6
4.6223e-6
4.6208e-6
4.6201e-6
4.6171e-6
4.6193e-6
4.6193e-6
4.623e-6
4.6195e-6
4.6199e-6
4.6218e-6
4.6201e-6
4.62e-6
4.6184e-6
4.6212e-6
4.6197e-6
4.6213e-6
4.6208e-6
4.6201e-6
4.6223e-6
4.6233e-6
4.6222e-6
4.6225e-6
4.622e-6
4.618e-6
4.6227e-6
4.618e-6
4.619e-6
4.6179e-6
4.6204e-6
4.619e-6
4.622e-6
4.6216e-6
4.6179e-6
4.6166e-6
4.6234e-6
4.621e-6
4.6165e-6
4.6152e-6
4.6181e-6
4.619e-6
4.6151e-6
4.6176e-6
4.6148e-6
4.616e-6
4.6184e-6
4.6207e-6
4.6201e-6
4.6156e-6
4.6202e-6
4.6173e-6
4.6213e-6
4.6222e-6
4.6161e-6
4.6184e-6
4.6171e-6
4.6226e-6
4.617e-6
4.6184e-6
4.615e-6
4.6168e-6
4.6187e-6
4.6176e-6
4.6156e-6
4.6195e-6
4.6233e-6
4.6215e-6
4.6186e-6
4.6171e-6
4.6164e-6
4.6178e-6
4.6219e-6
4.6189e-6
4.6139e-6
4.6156e-6
4.6127e-6
4.6185e-6
4.6214e-6
4.6171e-6
4.6191e-6
4.6181e-6
4.6186e-6
4.6235e-6
4.6195e-6
4.619e-6
4.6176e-6
4.6226e-6
4.6244e-6
4.6183e-6
4.6229e-6
4.6191e-6
4.6229e-6
4.6198e-6
4.6203e-6
4.6203e-6
4.6206e-6
4.624e-6
4.6234e-6
4.6228e-6
4.62e-6
4.6157e-6
4.6193e-6
4.6167e-6
4.6148e-6
4.6163e-6
4.6172e-6
4.618e-6
4.6195e-6
4.6172e-6
4.6172e-6
4.6161e-6
4.6162e-6
4.6168e-6
4.613e-6
4.6166e-6
4.6092e-6
4.6176e-6
4.6131e-6
4.6147e-6
4.6125e-6
4.617e-6
4.6142e-6
4.6175e-6
4.6182e-6
4.6188e-6
4.6176e-6
4.6181e-6
4.6192e-6
4.619e-6
4.6178e-6
4.6218e-6
4.6167e-6
4.6201e-6
4.6163e-6
4.614e-6
4.6203e-6
4.6197e-6
4.6181e-6
4.6168e-6
4.6198e-6
4.6173e-6
4.6198e-6
4.6075e-6
4.6225e-6
4.6171e-6
4.6226e-6
4.624e-6
4.6211e-6
4.6227e-6
4.6218e-6
4.6193e-6
4.6191e-6
4.6248e-6
4.6233e-6
4.6187e-6
4.621e-6
4.621e-6
4.6232e-6
4.6182e-6
4.6194e-6
4.6177e-6
4.6218e-6
4.6171e-6
4.6171e-6
4.6204e-6
4.6208e-6
4.6203e-6
4.6213e-6
4.6191e-6
4.6201e-6
4.6255e-6
4.621e-6
4.6209e-6
4.6214e-6
4.6235e-6
4.6208e-6
4.6257e-6
4.6243e-6
4.6178e-6
4.6177e-6
4.6181e-6
4.6156e-6
4.6138e-6
4.6152e-6
4.6129e-6
4.6117e-6
4.6122e-6
4.6166e-6
4.612e-6
4.6164e-6
4.6159e-6
4.6127e-6
4.6155e-6
4.6132e-6
4.6141e-6
4.6166e-6
4.613e-6
4.6181e-6
4.6172e-6
4.6145e-6
4.6161e-6
4.6145e-6
4.6181e-6
4.6172e-6
4.6154e-6
4.6202e-6
4.6151e-6
4.6178e-6
4.6122e-6
4.6127e-6
4.6124e-6
4.6159e-6
4.6126e-6
4.6113e-6
4.6115e-6
4.6111e-6
4.6168e-6
4.6124e-6
4.6122e-6
4.6147e-6
4.6154e-6
4.6151e-6
4.6118e-6
4.6144e-6
4.613e-6
4.6136e-6
4.6167e-6
4.6154e-6
4.6147e-6
4.6127e-6
4.6129e-6
4.6134e-6
4.6136e-6
4.61e-6
4.6125e-6
4.6118e-6
4.6085e-6
4.6099e-6
4.6132e-6
4.6124e-6
4.6145e-6
4.6179e-6
4.6158e-6
4.6098e-6
4.6146e-6
4.6116e-6
4.6127e-6
4.6166e-6
4.6096e-6
4.6102e-6
4.6104e-6
4.6097e-6
4.6109e-6
4.6116e-6
4.6126e-6
4.6127e-6
4.615e-6
4.6109e-6
4.6099e-6
4.6132e-6
4.6111e-6
4.6158e-6
4.6142e-6
4.6123e-6
4.6093e-6
4.6126e-6
4.6142e-6
4.612e-6
4.6123e-6
4.6134e-6
4.6096e-6
4.6121e-6
4.6126e-6
4.6117e-6
4.609e-6
4.6113e-6
4.6128e-6
4.612e-6
4.6086e-6
4.6097e-6
4.6102e-6
4.6158e-6
4.6145e-6
4.61e-6
4.6135e-6
4.6118e-6
4.6148e-6
4.6128e-6
4.6129e-6
4.6113e-6
4.6152e-6
4.6132e-6
4.6136e-6
4.6095e-6
4.6144e-6
4.6146e-6
4.6122e-6
4.6135e-6
4.6136e-6
4.6144e-6
4.6137e-6
4.6109e-6
4.6162e-6
4.6114e-6
4.6111e-6
4.6134e-6
4.6116e-6
4.6136e-6
4.6103e-6
4.6118e-6
4.6073e-6
4.6086e-6
4.6096e-6
4.605e-6
4.6072e-6
4.6098e-6
4.611e-6
4.61e-6
4.6077e-6
4.6107e-6
4.6072e-6
4.6107e-6
4.6092e-6
4.6077e-6
4.6057e-6
4.6068e-6
4.6059e-6
4.6107e-6
4.6082e-6
4.6115e-6
4.6151e-6
4.6142e-6
4.6127e-6
4.6132e-6
4.6108e-6
4.6135e-6
4.6107e-6
4.6116e-6
4.6089e-6
4.6077e-6
4.6147e-6
4.6126e-6
4.6118e-6
4.6125e-6
4.6115e-6
4.6132e-6
4.6093e-6
4.6121e-6
4.611e-6
4.6112e-6
4.6145e-6
4.6134e-6
4.6132e-6
4.6111e-6
4.6099e-6
4.6103e-6
4.6111e-6
4.6089e-6
4.6075e-6
4.6123e-6
4.6114e-6
4.6127e-6
4.6137e-6
4.6097e-6
4.6108e-6
4.6121e-6
4.6074e-6
4.6141e-6
4.6073e-6
4.6118e-6
4.6114e-6
4.6118e-6
4.614e-6
4.6065e-6
4.6111e-6
4.6095e-6
4.6105e-6
4.612e-6
4.6089e-6
4.6078e-6
4.6096e-6
4.6073e-6
4.6116e-6
4.6127e-6
4.6112e-6
4.6127e-6
4.6098e-6
4.6077e-6
4.6079e-6
4.6089e-6
4.6095e-6
4.6127e-6
4.6124e-6
4.6111e-6
4.6124e-6
4.6092e-6
4.6151e-6
4.613e-6
4.6145e-6
4.6107e-6
4.6113e-6
4.6124e-6
4.6144e-6
4.6072e-6
4.6081e-6
4.6128e-6
4.6099e-6
4.6105e-6
4.6056e-6
4.6121e-6
4.6072e-6
4.6077e-6
4.6109e-6
4.6082e-6
4.6073e-6
4.6124e-6
4.6094e-6
4.6095e-6
4.6127e-6
4.611e-6
4.6145e-6
4.6108e-6
4.6142e-6
4.6083e-6
4.6067e-6
4.6048e-6
4.6105e-6
4.6126e-6
4.608e-6
4.6117e-6
4.6109e-6
4.6073e-6
4.6114e-6
4.6061e-6
4.6063e-6
4.607e-6
4.6086e-6
4.6064e-6
4.6074e-6
4.6046e-6
4.6055e-6
4.6127e-6
4.608e-6
4.6103e-6
4.6074e-6
4.6094e-6
4.6115e-6
4.6111e-6
4.6123e-6
4.6104e-6
4.6156e-6
4.615e-6
4.6133e-6
4.6096e-6
4.6087e-6
4.6159e-6
4.613e-6
4.6126e-6
4.6098e-6
4.6121e-6
4.613e-6
4.6111e-6
4.6161e-6
4.6117e-6
4.6099e-6
4.6132e-6
4.6131e-6
4.6134e-6
4.6075e-6
4.6141e-6
4.6194e-6
4.616e-6
4.6169e-6
4.6138e-6
4.6096e-6
4.6162e-6
4.6148e-6
4.6139e-6
4.6229e-6
4.6106e-6
4.6153e-6
4.6178e-6
4.6194e-6
4.6125e-6
4.6149e-6
4.6155e-6
4.6115e-6
4.6197e-6
4.6099e-6
4.6141e-6
4.6186e-6
4.6167e-6
4.6148e-6
4.6144e-6
4.6125e-6
4.6088e-6
4.6121e-6
4.6094e-6
4.6114e-6
4.6082e-6
4.6089e-6
4.6076e-6
4.6108e-6
4.6092e-6
4.6102e-6
4.6108e-6
4.6078e-6
4.6063e-6
4.6076e-6
4.605e-6
4.6086e-6
4.6125e-6
4.6111e-6
4.6079e-6
4.6054e-6
4.6062e-6
4.6061e-6
4.6068e-6
4.6073e-6
4.6082e-6
4.6063e-6
4.6076e-6
4.6029e-6
4.6066e-6
4.6049e-6
4.6052e-6
4.6092e-6
4.6071e-6
4.6038e-6
4.6057e-6
4.6011e-6
4.604e-6
4.6052e-6
4.6065e-6
4.6053e-6
4.6037e-6
4.6066e-6
4.6024e-6
4.6002e-6
4.603e-6
4.6068e-6
4.6079e-6
4.6054e-6
4.602e-6
4.6006e-6
4.6063e-6
4.6057e-6
4.6071e-6
4.6069e-6
4.6105e-6
4.6057e-6
4.6065e-6
4.6076e-6
4.6054e-6
4.6065e-6
4.6065e-6
4.6083e-6
4.6025e-6
4.6012e-6
4.6043e-6
4.6062e-6
4.6001e-6
4.606e-6
4.6011e-6
4.6061e-6
4.6097e-6
4.6151e-6
4.6123e-6
4.6056e-6
4.6069e-6
4.6076e-6
4.6095e-6
4.6179e-6
4.6161e-6
4.612e-6
4.6121e-6
4.6113e-6
4.6149e-6
4.6139e-6
4.6109e-6
4.6146e-6
4.6089e-6
4.6107e-6
4.6087e-6
4.6081e-6
4.6104e-6
4.6044e-6
4.6086e-6
4.6061e-6
4.6076e-6
4.6122e-6
4.609e-6
4.6082e-6
4.6067e-6
4.6045e-6
4.6069e-6
4.6105e-6
4.6119e-6
4.6041e-6
4.6077e-6
4.6088e-6
4.609e-6
4.6088e-6
4.61e-6
4.6087e-6
4.6045e-6
4.606e-6
4.6125e-6
4.6093e-6
4.6066e-6
4.6096e-6
4.6055e-6
4.6087e-6
4.6095e-6
4.6121e-6
4.6087e-6
4.6111e-6
4.6111e-6
4.6085e-6
4.6076e-6
4.6077e-6
4.6083e-6
4.6078e-6
4.6053e-6
4.6051e-6
4.6067e-6
4.6139e-6
4.6098e-6
4.6097e-6
4.6046e-6
4.6045e-6
4.602e-6
4.6086e-6
4.613e-6
4.606e-6
4.6039e-6
4.6097e-6
4.6041e-6
4.6118e-6
4.6018e-6
4.6055e-6
4.5978e-6
4.5993e-6
4.5995e-6
4.6019e-6
4.5989e-6
4.6014e-6
4.6042e-6
4.6024e-6
4.6003e-6
4.6064e-6
4.6021e-6
4.6043e-6
4.6009e-6
4.6024e-6
4.6132e-6
4.6045e-6
4.6058e-6
4.6019e-6
4.6119e-6
4.6036e-6
4.6098e-6
4.6078e-6
4.6062e-6
4.6042e-6
4.6057e-6
4.6028e-6
4.6063e-6
4.6047e-6
4.605e-6
4.6071e-6
4.6045e-6
4.6046e-6
4.6006e-6
4.6052e-6
4.6053e-6
4.5993e-6
4.6022e-6
4.6021e-6
4.6037e-6
4.6071e-6
4.6057e-6
4.6023e-6
4.6045e-6
4.6054e-6
4.6028e-6
4.6063e-6
4.6047e-6
4.6056e-6
4.6038e-6
4.6049e-6
4.6077e-6
4.6023e-6
4.6036e-6
4.6021e-6
4.6001e-6
4.6049e-6
4.6039e-6
4.6024e-6
4.5997e-6
4.6036e-6
4.602e-6
4.6038e-6
4.6014e-6
4.6012e-6
4.6019e-6
4.6025e-6
4.6021e-6
4.6023e-6
4.6045e-6
4.6056e-6
4.6009e-6
4.5989e-6
4.5964e-6
4.6035e-6
4.6e-6
4.6005e-6
4.6034e-6
4.6011e-6
4.5994e-6
4.5971e-6
4.6042e-6
4.6008e-6
4.5991e-6
4.6022e-6
4.6012e-6
4.6042e-6
4.5986e-6
4.6013e-6
4.5991e-6
4.5992e-6
4.598e-6
4.5991e-6
4.5986e-6
4.5976e-6
4.6011e-6
4.5983e-6
4.5957e-6
4.5997e-6
4.5987e-6
4.5985e-6
4.5982e-6
4.5973e-6
4.5968e-6
4.5941e-6
4.598e-6
4.5998e-6
4.5992e-6
4.5996e-6
4.5981e-6
4.5979e-6
4.5987e-6
4.6031e-6
4.5975e-6
4.5958e-6
4.6014e-6
4.604e-6
4.6006e-6
4.5971e-6
4.601e-6
4.6008e-6
4.6009e-6
4.5983e-6
4.601e-6
4.603e-6
4.599e-6
4.5975e-6
4.5985e-6
4.6028e-6
4.5988e-6
4.5994e-6
4.5991e-6
4.5999e-6
4.6023e-6
4.6025e-6
4.5967e-6
4.5979e-6
4.5963e-6
4.5943e-6
4.601e-6
4.6032e-6
4.6012e-6
4.6058e-6
4.6043e-6
4.6021e-6
4.6043e-6
4.6019e-6
4.6029e-6
4.5968e-6
4.5971e-6
4.5977e-6
4.6039e-6
4.5994e-6
4.5965e-6
4.5983e-6
4.6e-6
4.599e-6
4.5998e-6
4.5996e-6
4.5974e-6
4.5947e-6
4.5999e-6
4.5984e-6
4.5989e-6
4.6016e-6
4.6007e-6
4.6012e-6
4.6018e-6
4.5974e-6
4.597e-6
4.6009e-6
4.6018e-6
4.5991e-6
4.5989e-6
4.5989e-6
4.5991e-6
4.5963e-6
4.6011e-6
4.5952e-6
4.5946e-6
4.6014e-6
4.5997e-6
4.5971e-6
4.5963e-6
4.6002e-6
4.5995e-6
4.6014e-6
4.6019e-6
4.6033e-6
4.6012e-6
4.5989e-6
4.601e-6
4.6033e-6
4.6009e-6
4.5983e-6
4.5988e-6
4.5997e-6
4.596e-6
4.5989e-6
4.598e-6
4.597e-6
4.6011e-6
4.5986e-6
4.5979e-6
4.5994e-6
4.5996e-6
4.5957e-6
4.6046e-6
4.5972e-6
4.5964e-6
4.5973e-6
4.5954e-6
4.6e-6
4.6006e-6
4.5982e-6
4.5965e-6
4.5991e-6
4.6014e-6
4.5968e-6
4.5988e-6
4.5969e-6
4.5981e-6
4.5963e-6
4.5954e-6
4.5964e-6
4.596e-6
4.5959e-6
4.5941e-6
4.5982e-6
4.5978e-6
4.5989e-6
4.5997e-6
4.6006e-6
4.5931e-6
4.5947e-6
4.5934e-6
4.597e-6
4.5978e-6
4.601e-6
4.5999e-6
4.5979e-6
4.6001e-6
4.5982e-6
4.6025e-6
4.5985e-6
4.6031e-6
4.5993e-6
4.5984e-6
4.5973e-6
4.6037e-6
4.6016e-6
4.5977e-6
4.5968e-6
4.5955e-6
4.5999e-6
4.6003e-6
4.5955e-6
4.6023e-6
4.5964e-6
4.595e-6
4.5975e-6
4.6004e-6
4.5972e-6
4.5981e-6
4.597e-6
4.598e-6
4.6008e-6
4.5977e-6
4.5943e-6
4.5932e-6
4.5914e-6
4.5973e-6
4.5944e-6
4.5954e-6
4.5945e-6
4.5937e-6
4.5979e-6
4.5957e-6
4.5995e-6
4.594e-6
4.5957e-6
4.596e-6
4.5944e-6
4.5972e-6
4.597e-6
4.5947e-6
4.5971e-6
4.5979e-6
4.5981e-6
4.5963e-6
4.5953e-6
4.5952e-6
4.6003e-6
4.6003e-6
4.5976e-6
4.5974e-6
4.6011e-6
4.5985e-6
4.5931e-6
4.5987e-6
4.5926e-6
4.5972e-6
4.5959e-6
4.5971e-6
4.5952e-6
4.5964e-6
4.5988e-6
4.5955e-6
4.5929e-6
4.5961e-6
4.5959e-6
4.5919e-6
4.5888e-6
4.5922e-6
4.5959e-6
4.5964e-6
4.6027e-6
4.5966e-6
4.5947e-6
4.5987e-6
4.5942e-6
4.5916e-6
4.5918e-6
4.5915e-6
4.5902e-6
4.5955e-6
4.5935e-6
4.5982e-6
4.5953e-6
4.5966e-6
4.5897e-6
4.5941e-6
4.5929e-6
4.5893e-6
4.5937e-6
4.5921e-6
4.5967e-6
4.5943e-6
4.5935e-6
4.5956e-6
4.5935e-6
4.5939e-6
4.5917e-6
4.592e-6
4.5911e-6
4.5953e-6
4.5931e-6
4.5993e-6
4.5944e-6
4.5913e-6
4.5918e-6
4.5981e-6
4.5944e-6
4.5912e-6
4.5938e-6
4.5931e-6
4.5891e-6
4.5964e-6
4.5915e-6
4.5939e-6
4.5945e-6
4.595e-6
4.5944e-6
4.5885e-6
4.5914e-6
4.5905e-6
4.5962e-6
4.5963e-6
4.5946e-6
4.5862e-6
4.5907e-6
4.5911e-6
4.5953e-6
4.5903e-6
4.5931e-6
4.5889e-6
4.5917e-6
4.595e-6
4.5873e-6
4.5922e-6
4.5948e-6
4.5919e-6
4.5905e-6
4.5905e-6
4.5905e-6
4.5912e-6
4.592e-6
4.5921e-6
4.5869e-6
4.5884e-6
4.5883e-6
4.5942e-6
4.5918e-6
4.5948e-6
4.5953e-6
4.5916e-6
4.5863e-6
4.5909e-6
4.5852e-6
4.5858e-6
4.5862e-6
4.588e-6
4.5934e-6
4.5916e-6
4.5896e-6
4.5897e-6
4.5925e-6
4.5887e-6
4.5896e-6
4.5903e-6
4.5898e-6
4.5879e-6
4.5902e-6
4.5932e-6
4.5895e-6
4.5914e-6
4.5938e-6
4.589e-6
4.5888e-6
4.5873e-6
4.5869e-6
4.5875e-6
4.5918e-6
4.5879e-6
4.5821e-6
4.5847e-6
4.5819e-6
4.5864e-6
4.5859e-6
4.5879e-6
4.5872e-6
4.5843e-6
4.5817e-6
4.5856e-6
4.5825e-6
4.5838e-6
4.582e-6
4.5822e-6
4.5809e-6
4.5836e-6
4.5824e-6
4.5809e-6
4.5834e-6
4.5787e-6
4.5791e-6
4.5816e-6
4.5822e-6
4.5853e-6
4.5798e-6
4.5826e-6
4.5816e-6
4.5864e-6
4.58e-6
4.5813e-6
4.5825e-6
4.584e-6
4.5853e-6
4.5851e-6
4.5838e-6
4.5826e-6
4.5795e-6
4.5807e-6
4.5778e-6
4.5784e-6
4.5784e-6
4.5795e-6
4.5848e-6
4.5848e-6
4.5778e-6
4.5793e-6
4.5872e-6
4.5855e-6
4.5852e-6
4.5865e-6
4.5815e-6
4.5864e-6
4.5841e-6
4.5845e-6
4.5844e-6
4.5808e-6
4.5838e-6
4.5811e-6
4.5858e-6
4.5854e-6
4.5856e-6
4.5862e-6
4.5844e-6
4.5807e-6
4.5811e-6
4.5856e-6
4.5836e-6
4.5864e-6
4.5854e-6
4.5857e-6
4.5858e-6
4.5862e-6
4.5893e-6
4.5917e-6
4.5866e-6
4.5853e-6
4.5833e-6
4.5865e-6
4.5855e-6
4.5872e-6
4.5834e-6
4.588e-6
4.5869e-6
4.5885e-6
4.5835e-6
4.5935e-6
4.587e-6
4.5868e-6
4.5798e-6
4.5803e-6
4.5863e-6
4.5839e-6
4.5851e-6
4.591e-6
4.5894e-6
4.5902e-6
4.5904e-6
4.5883e-6
4.5876e-6
4.5838e-6
4.5819e-6
4.5838e-6
4.585e-6
4.5817e-6
4.5814e-6
4.5828e-6
4.5842e-6
4.5852e-6
4.5896e-6
4.5861e-6
4.5854e-6
4.5806e-6
4.5838e-6
4.5849e-6
4.5796e-6
4.5849e-6
4.5861e-6
4.5861e-6
4.5851e-6
4.5824e-6
4.5884e-6
4.5893e-6
4.5836e-6
4.5874e-6
4.5874e-6
4.5877e-6
4.585e-6
4.5821e-6
4.581e-6
4.5847e-6
4.5851e-6
4.5866e-6
4.5857e-6
4.5891e-6
4.5839e-6
4.5871e-6
4.5919e-6
4.5852e-6
4.5865e-6
4.588e-6
4.5849e-6
4.5849e-6
4.5889e-6
4.584e-6
4.5866e-6
4.5886e-6
4.5883e-6
4.5795e-6
4.5837e-6
4.5843e-6
4.5829e-6
4.5858e-6
4.5843e-6
4.584e-6
4.5785e-6
4.5827e-6
4.5842e-6
4.5825e-6
4.5796e-6
4.5799e-6
4.5821e-6
4.5853e-6
4.5805e-6
4.5793e-6
4.5838e-6
4.585e-6
4.581e-6
4.5842e-6
4.5794e-6
4.5794e-6
4.5819e-6
4.5822e-6
4.5818e-6
4.5813e-6
4.5838e-6
4.5857e-6
4.5794e-6
4.5827e-6
4.5832e-6
4.583e-6
4.5782e-6
4.5784e-6
4.5827e-6
4.5855e-6
4.5846e-6
4.5863e-6
4.5834e-6
4.5814e-6
4.5854e-6
4.5817e-6
4.5793e-6
4.5803e-6
4.5864e-6
4.5876e-6
4.5816e-6
4.5828e-6
4.5823e-6
4.5834e-6
4.5786e-6
4.5809e-6
4.5814e-6
4.5854e-6
4.5864e-6
4.5781e-6
4.5762e-6
4.5817e-6
4.586e-6
4.5847e-6
4.5806e-6
4.5842e-6
4.5784e-6
4.584e-6
4.5852e-6
4.5834e-6
4.578e-6
4.5821e-6
4.5798e-6
4.5791e-6
4.5823e-6
4.5849e-6
4.5797e-6
4.5842e-6
4.5811e-6
4.5808e-6
4.5805e-6
4.5801e-6
4.5792e-6
4.5833e-6
4.5841e-6
4.5848e-6
4.5841e-6
4.585e-6
4.5839e-6
4.5855e-6
4.5825e-6
4.5845e-6
4.5814e-6
4.5807e-6
4.5832e-6
4.5806e-6
4.5819e-6
4.5828e-6
4.5836e-6
4.5816e-6
4.5819e-6
4.5823e-6
4.5796e-6
4.5857e-6
4.5841e-6
4.583e-6
4.5804e-6
4.5834e-6
4.5828e-6
4.5852e-6
4.578e-6
4.5785e-6
4.5788e-6
4.5768e-6
4.5792e-6
4.5757e-6
4.5787e-6
4.581e-6
4.5835e-6
4.5762e-6
4.5801e-6
4.5796e-6
4.5799e-6
4.5848e-6
4.584e-6
4.5824e-6
4.5797e-6
4.5827e-6
4.5831e-6
4.5822e-6
4.58e-6
4.5784e-6
4.585e-6
4.5751e-6
4.5844e-6
4.5815e-6
4.5845e-6
4.5838e-6
4.5885e-6
4.5797e-6
4.5806e-6
4.5839e-6
4.5835e-6
4.5843e-6
4.5824e-6
4.5836e-6
4.5859e-6
4.5858e-6
4.5823e-6
4.5844e-6
4.5869e-6
4.5847e-6
4.5843e-6
4.5845e-6
4.5833e-6
4.5868e-6
4.5807e-6
4.5841e-6
4.5869e-6
4.5834e-6
4.5788e-6
4.5831e-6
4.5858e-6
4.5836e-6
4.5784e-6
4.577e-6
4.5839e-6
4.5802e-6
4.5837e-6
4.5778e-6
4.5768e-6
4.5797e-6
4.5789e-6
4.5757e-6
4.5794e-6
4.576e-6
4.5776e-6
4.5791e-6
4.5772e-6
4.5767e-6
4.5763e-6
4.5785e-6
4.5802e-6
4.5764e-6
4.5764e-6
4.5793e-6
4.5785e-6
4.5829e-6
4.5808e-6
4.5826e-6
4.576e-6
4.576e-6
4.5787e-6
4.5827e-6
4.5781e-6
4.5777e-6
4.5815e-6
4.5788e-6
4.5764e-6
4.5762e-6
4.5761e-6
4.5794e-6
4.5789e-6
4.5815e-6
4.58e-6
4.5782e-6
4.5765e-6
4.5786e-6
4.5761e-6
4.5751e-6
4.5768e-6
4.5714e-6
4.574e-6
4.5759e-6
4.579e-6
4.5772e-6
4.5819e-6
4.5795e-6
4.5834e-6
4.5811e-6
4.5779e-6
4.5817e-6
4.5808e-6
4.5788e-6
4.5783e-6
4.5813e-6
4.5774e-6
4.5819e-6
4.5845e-6
4.5791e-6
4.5723e-6
4.5712e-6
4.5744e-6
4.577e-6
4.579e-6
4.575e-6
4.5784e-6
4.5773e-6
4.5774e-6
4.5787e-6
4.5759e-6
4.5774e-6
4.5761e-6
4.5775e-6
4.5769e-6
4.5793e-6
4.5727e-6
4.5795e-6
4.5771e-6
4.5797e-6
4.5789e-6
4.58e-6
4.5806e-6
4.5802e-6
4.58e-6
4.5757e-6
4.577e-6
4.5759e-6
4.5785e-6
4.5767e-6
4.5788e-6
4.5767e-6
4.5757e-6
4.5717e-6
4.5765e-6
4.5712e-6
4.5708e-6
4.5756e-6
4.5748e-6
4.5755e-6
4.571e-6
4.5729e-6
4.5736e-6
4.5745e-6
4.5741e-6
4.5751e-6
4.5763e-6
4.575e-6
4.575e-6
4.5756e-6
4.5768e-6
4.5766e-6
4.5778e-6
4.5782e-6
4.5753e-6
4.5744e-6
4.5755e-6
4.5756e-6
4.5741e-6
4.5751e-6
4.5723e-6
4.5729e-6
4.5756e-6
4.5748e-6
4.5771e-6
4.5743e-6
4.5758e-6
4.5718e-6
4.576e-6
4.5778e-6
4.5786e-6
4.5739e-6
4.5737e-6
4.5757e-6
4.5741e-6
4.5735e-6
4.5708e-6
4.5752e-6
4.5761e-6
4.5737e-6
4.5729e-6
4.577e-6
4.575e-6
4.5765e-6
4.5752e-6
4.5771e-6
4.5751e-6
4.58e-6
4.5717e-6
4.5736e-6
4.5755e-6
4.5731e-6
4.5786e-6
4.5737e-6
4.5746e-6
4.571e-6
4.5764e-6
4.5745e-6
4.5734e-6
4.5769e-6
4.5776e-6
4.5721e-6
4.5719e-6
4.5745e-6
4.5745e-6
4.5759e-6
4.5755e-6
4.5748e-6
4.5757e-6
4.574e-6
4.5756e-6
4.5735e-6
4.5752e-6
4.5697e-6
4.5785e-6
4.5713e-6
4.5743e-6
4.5721e-6
4.5765e-6
4.5748e-6
4.5755e-6
4.5742e-6
4.5725e-6
4.5762e-6
4.5771e-6
4.5753e-6
4.5784e-6
4.5769e-6
4.5778e-6
4.571e-6
4.5713e-6
4.5704e-6
4.5712e-6
4.574e-6
4.577e-6
4.5743e-6
4.5698e-6
4.57e-6
4.5739e-6
4.5711e-6
4.5605e-6
4.5761e-6
4.5775e-6
4.5794e-6
4.5769e-6
4.5734e-6
4.5744e-6
4.5751e-6
4.5745e-6
4.576e-6
4.5755e-6
4.5783e-6
4.5798e-6
4.5798e-6
4.5776e-6
4.5755e-6
4.5753e-6
4.5789e-6
4.5779e-6
4.5755e-6
4.5727e-6
4.5745e-6
4.5758e-6
4.5764e-6
4.5774e-6
4.5743e-6
4.5738e-6
4.5761e-6
4.5762e-6
4.5757e-6
4.5799e-6
4.5799e-6
4.5792e-6
4.5796e-6
4.5775e-6
4.5776e-6
4.5784e-6
4.5757e-6
4.5814e-6
4.5758e-6
4.5722e-6
4.5679e-6
4.5697e-6
4.5733e-6
4.5664e-6
4.5663e-6
4.5684e-6
4.57e-6
4.5721e-6
4.574e-6
4.5695e-6
4.5727e-6
4.5703e-6
4.5732e-6
4.5744e-6
4.5735e-6
4.5713e-6
4.5729e-6
4.5736e-6
4.5722e-6
4.57e-6
4.5728e-6
4.5736e-6
4.5709e-6
4.5696e-6
4.5725e-6
4.5712e-6
4.5721e-6
4.5688e-6
4.5666e-6
4.571e-6
4.5692e-6
4.5713e-6
4.5686e-6
4.5689e-6
4.5711e-6
4.5703e-6
4.5701e-6
4.5707e-6
4.569e-6
4.569e-6
4.5659e-6
4.5713e-6
4.5735e-6
4.57e-6
4.5688e-6
4.5688e-6
4.571e-6
4.5725e-6
4.571e-6
4.5669e-6
4.5645e-6
4.5646e-6
4.5679e-6
4.5703e-6
4.5659e-6
4.5669e-6
4.569e-6
4.571e-6
4.5713e-6
4.5685e-6
4.5669e-6
4.5708e-6
4.5699e-6
4.5716e-6
4.5708e-6
4.5683e-6
4.5723e-6
4.5649e-6
4.566e-6
4.5646e-6
4.563e-6
4.5684e-6
4.5729e-6
4.5738e-6
4.571e-6
4.5682e-6
4.5655e-6
4.572e-6
4.5702e-6
4.5683e-6
4.5706e-6
4.5653e-6
4.5716e-6
4.5704e-6
4.5704e-6
4.5671e-6
4.5673e-6
4.5651e-6
4.5684e-6
4.5688e-6
4.569e-6
4.568e-6
4.5707e-6
4.571e-6
4.5668e-6
4.5691e-6
4.5711e-6
4.5661e-6
4.5671e-6
4.5657e-6
4.5668e-6
4.5706e-6
4.5687e-6
4.5697e-6
4.5712e-6
4.5672e-6
4.5732e-6
4.5725e-6
4.5678e-6
4.5701e-6
4.5694e-6
4.5707e-6
4.5718e-6
4.5682e-6
4.5678e-6
4.5687e-6
4.5679e-6
4.572e-6
4.5717e-6
4.5708e-6
4.5697e-6
4.5676e-6
4.5714e-6
4.572e-6
4.5691e-6
4.5706e-6
4.5711e-6
4.5655e-6
4.5693e-6
4.5672e-6
4.5633e-6
4.5639e-6
4.5693e-6
4.5653e-6
4.5637e-6
4.5634e-6
4.566e-6
4.5692e-6
4.5672e-6
4.5706e-6
4.5632e-6
4.5663e-6
4.5605e-6
4.5613e-6
4.5656e-6
4.5629e-6
4.5635e-6
4.5661e-6
4.5665e-6
4.5699e-6
4.5693e-6
4.5666e-6
4.5699e-6
4.5636e-6
4.5679e-6
4.568e-6
4.5672e-6
4.5703e-6
4.572e-6
4.5704e-6
4.5683e-6
4.5698e-6
4.5657e-6
4.5655e-6
4.5635e-6
4.567e-6
4.5666e-6
4.5658e-6
4.5682e-6
4.5652e-6
4.5589e-6
4.5644e-6
4.5654e-6
4.5667e-6
4.5694e-6
4.5677e-6
4.5676e-6
4.5655e-6
4.5677e-6
4.5699e-6
4.5627e-6
4.5687e-6
4.5659e-6
4.5667e-6
4.5636e-6
4.5632e-6
4.5703e-6
4.5672e-6
4.5661e-6
4.5647e-6
4.5636e-6
4.5673e-6
4.5723e-6
4.5705e-6
4.5655e-6
4.5701e-6
4.5694e-6
4.5652e-6
4.5677e-6
4.5641e-6
4.5632e-6
4.5686e-6
4.5651e-6
4.5671e-6
4.5636e-6
4.5668e-6
4.5637e-6
4.5637e-6
4.5663e-6
4.5658e-6
4.5607e-6
4.5615e-6
4.5726e-6
4.569e-6
4.5663e-6
4.5684e-6
4.5639e-6
4.5659e-6
4.5697e-6
4.5633e-6
4.5657e-6
4.5667e-6
4.5694e-6
4.5663e-6
4.5689e-6
4.5641e-6
4.5678e-6
4.5653e-6
4.5648e-6
4.5626e-6
4.5625e-6
4.5666e-6
4.5657e-6
4.5682e-6
4.5618e-6
4.5635e-6
4.565e-6
4.568e-6
4.5659e-6
4.5633e-6
4.5636e-6
4.5654e-6
4.5634e-6
4.5638e-6
4.566e-6
4.5678e-6
4.566e-6
4.5703e-6
4.5656e-6
4.5669e-6
4.5648e-6
4.5618e-6
4.5665e-6
4.5633e-6
4.5589e-6
4.5628e-6
4.5657e-6
4.5592e-6
4.5637e-6
4.5636e-6
4.5655e-6
4.5656e-6
4.5632e-6
4.5695e-6
4.5655e-6
4.5674e-6
4.565e-6
4.5724e-6
4.5695e-6
4.5642e-6
4.566e-6
4.5665e-6
4.5646e-6
4.5677e-6
4.5654e-6
4.567e-6
4.568e-6
4.5665e-6
4.5673e-6
4.5712e-6
4.566e-6
4.5647e-6
4.5698e-6
4.571e-6
4.5713e-6
4.5652e-6
4.5675e-6
4.5759e-6
4.5709e-6
4.5657e-6
4.5677e-6
4.5688e-6
4.5714e-6
4.5727e-6
4.5717e-6
4.5721e-6
4.5707e-6
4.572e-6
4.5683e-6
4.569e-6
4.5737e-6
4.5673e-6
4.5721e-6
4.5689e-6
4.5662e-6
4.5689e-6
4.5734e-6
4.5756e-6
4.5728e-6
4.5759e-6
4.5748e-6
4.5674e-6
4.5618e-6
4.5633e-6
4.5615e-6
4.5655e-6
4.569e-6
4.562e-6
4.5662e-6
4.5645e-6
4.5664e-6
4.5677e-6
4.5705e-6
4.5622e-6
4.5651e-6
4.5642e-6
4.5644e-6
4.5649e-6
4.564e-6
4.5645e-6
4.563e-6
4.5641e-6
4.5624e-6
4.5647e-6
4.5605e-6
4.5653e-6
4.5652e-6
4.5674e-6
4.5638e-6
4.5576e-6
4.5612e-6
4.5646e-6
4.5664e-6
4.5669e-6
4.5643e-6
4.5645e-6
4.5644e-6
4.5601e-6
4.5627e-6
4.5634e-6
4.5642e-6
4.5647e-6
4.5669e-6
4.5656e-6
4.5626e-6
4.5585e-6
4.5648e-6
4.565e-6
4.5646e-6
4.5609e-6
4.5624e-6
4.5652e-6
4.5679e-6
4.5697e-6
4.563e-6
4.563e-6
4.5651e-6
4.5656e-6
4.5618e-6
4.5608e-6
4.5622e-6
4.5661e-6
4.5649e-6
4.5655e-6
4.5577e-6
4.5591e-6
4.561e-6
4.5588e-6
4.5601e-6
4.5652e-6
4.5611e-6
4.563e-6
4.5684e-6
4.5737e-6
4.5727e-6
4.5674e-6
4.5694e-6
4.5721e-6
4.5713e-6
4.5772e-6
4.5678e-6
4.5651e-6
4.5671e-6
4.5655e-6
4.5666e-6
4.5715e-6
4.5808e-6
4.5794e-6
4.5674e-6
4.567e-6
4.5654e-6
4.5695e-6
4.5702e-6
4.5652e-6
4.5641e-6
4.565e-6
4.5693e-6
4.5657e-6
4.5658e-6
4.5616e-6
4.5662e-6
4.5616e-6
4.5659e-6
4.5667e-6
4.5684e-6
4.5655e-6
4.5648e-6
4.5642e-6
4.5664e-6
4.5661e-6
4.5672e-6
4.568e-6
4.5631e-6
4.5679e-6
4.5637e-6
4.5651e-6
4.5645e-6
4.5683e-6
4.56e-6
4.5697e-6
4.5645e-6
4.5616e-6
4.5668e-6
4.5649e-6
4.5606e-6
4.5659e-6
4.5636e-6
4.5603e-6
4.5624e-6
4.5596e-6
4.5637e-6
4.5638e-6
4.5608e-6
4.5674e-6
4.5649e-6
4.5638e-6
4.561e-6
4.5631e-6
4.5635e-6
4.5648e-6
4.5655e-6
4.5685e-6
4.5628e-6
4.5683e-6
4.5583e-6
4.5684e-6
4.5641e-6
4.5654e-6
4.5597e-6
4.5584e-6
4.5628e-6
4.5608e-6
4.5593e-6
4.5656e-6
4.5619e-6
4.5588e-6
4.5614e-6
4.5656e-6
4.5612e-6
4.5584e-6
4.5582e-6
4.5643e-6
4.5641e-6
4.5674e-6
4.5697e-6
4.5726e-6
4.5664e-6
4.5618e-6
4.567e-6
4.5674e-6
4.5649e-6
4.5647e-6
4.5682e-6
4.5661e-6
4.5679e-6
4.5675e-6
4.5674e-6
4.5653e-6
4.5596e-6
4.5631e-6
4.5624e-6
4.561e-6
4.5601e-6
4.5593e-6
4.5602e-6
4.5594e-6
4.5622e-6
4.5621e-6
4.5637e-6
4.5591e-6
4.5637e-6
4.5592e-6
4.5641e-6
4.5618e-6
4.5648e-6
4.5607e-6
4.5657e-6
4.5612e-6
4.562e-6
4.5627e-6
4.5621e-6
4.565e-6
4.56e-6
4.5608e-6
4.5613e-6
4.5615e-6
4.5628e-6
4.5619e-6
4.5626e-6
4.5624e-6
4.5611e-6
4.5575e-6
4.5596e-6
4.5637e-6
4.5609e-6
4.5626e-6
4.5634e-6
4.5645e-6
4.558e-6
4.5597e-6
4.5571e-6
4.5594e-6
4.5589e-6
4.5604e-6
4.5597e-6
4.5599e-6
4.559e-6
4.558e-6
4.5606e-6
4.5576e-6
4.56e-6
4.5595e-6
4.5603e-6
4.5616e-6
4.557e-6
4.558e-6
4.5562e-6
4.5608e-6
4.5608e-6
4.5606e-6
4.5564e-6
4.5606e-6
4.5628e-6
4.5604e-6
4.5533e-6
4.5571e-6
4.5554e-6
4.559e-6
4.5558e-6
4.5586e-6
4.5573e-6
4.5608e-6
4.5577e-6
4.5558e-6
4.5532e-6
4.5594e-6
4.5568e-6
4.5601e-6
4.5595e-6
4.5535e-6
4.5562e-6
4.557e-6
4.557e-6
4.5592e-6
4.5584e-6
4.5555e-6
4.5585e-6
4.5564e-6
4.5565e-6
4.5546e-6
4.5591e-6
4.5586e-6
4.5595e-6
4.5548e-6
4.5582e-6
4.5626e-6
4.56e-6
4.558e-6
4.5594e-6
4.5569e-6
4.5588e-6
4.5582e-6
4.5583e-6
4.5558e-6
4.5549e-6
4.553e-6
4.5532e-6
4.5555e-6
4.559e-6
4.5595e-6
4.5619e-6
4.5624e-6
4.5636e-6
4.5586e-6
4.5573e-6
4.5572e-6
4.5598e-6
4.5604e-6
4.5586e-6
4.5534e-6
4.5547e-6
4.5535e-6
4.556e-6
4.5572e-6
4.5541e-6
4.5546e-6
4.551e-6
4.5524e-6
4.5544e-6
4.5549e-6
4.5554e-6
4.556e-6
4.5592e-6
4.5589e-6
4.5574e-6
4.5566e-6
4.5562e-6
4.5593e-6
4.5558e-6
4.554e-6
4.5502e-6
4.5535e-6
4.5553e-6
4.5543e-6
4.5533e-6
4.5549e-6
4.5517e-6
4.5515e-6
4.5573e-6
4.5517e-6
4.5557e-6
4.5547e-6
4.5584e-6
4.5532e-6
4.5533e-6
4.5567e-6
4.5603e-6
4.5589e-6
4.5567e-6
4.5538e-6
4.5536e-6
4.5579e-6
4.5564e-6
4.5537e-6
4.5548e-6
4.5567e-6
4.5573e-6
4.5567e-6
4.5543e-6
4.5516e-6
4.5525e-6
4.5596e-6
4.5601e-6
4.5563e-6
4.5591e-6
4.5544e-6
4.5574e-6
4.5591e-6
4.5575e-6
4.5541e-6
4.5564e-6
4.555e-6
4.5544e-6
4.5539e-6
4.5562e-6
4.5533e-6
4.5594e-6
4.56e-6
4.5584e-6
4.5593e-6
4.5589e-6
4.5524e-6
4.5551e-6
4.5523e-6
4.5546e-6
4.5522e-6
4.5536e-6
4.5522e-6
4.5521e-6
4.5523e-6
4.5536e-6
4.5547e-6
4.5544e-6
4.5541e-6
4.5555e-6
4.5553e-6
4.5535e-6
4.5562e-6
4.5561e-6
4.5524e-6
4.552e-6
4.5573e-6
4.5571e-6
4.5543e-6
4.547e-6
4.5557e-6
4.5517e-6
4.5525e-6
4.5564e-6
4.5617e-6
4.5569e-6
4.5602e-6
4.5564e-6
4.5505e-6
4.5497e-6
4.5485e-6
4.55e-6
4.5559e-6
4.5531e-6
4.5566e-6
4.5532e-6
4.5569e-6
4.5526e-6
4.5553e-6
4.5552e-6
4.5518e-6
4.552e-6
4.5502e-6
4.5532e-6
4.5528e-6
4.5487e-6
4.5499e-6
4.5545e-6
4.5545e-6
4.5531e-6
4.551e-6
4.5512e-6
4.5542e-6
4.552e-6
4.5462e-6
4.5491e-6
4.5542e-6
4.5521e-6
4.5501e-6
4.5477e-6
4.5492e-6
4.5525e-6
4.5534e-6
4.5506e-6
4.552e-6
4.5533e-6
4.5524e-6
4.5511e-6
4.5502e-6
4.5484e-6
4.552e-6
4.5529e-6
4.5503e-6
4.5476e-6
4.5513e-6
4.5506e-6
4.5495e-6
4.5491e-6
4.5489e-6
4.5494e-6
4.5457e-6
4.5466e-6
4.5484e-6
4.549e-6
4.5464e-6
4.5488e-6
4.5486e-6
4.5503e-6
4.5509e-6
4.553e-6
4.5485e-6
4.5511e-6
4.5479e-6
4.5463e-6
4.5437e-6
4.5388e-6
4.5438e-6
4.5446e-6
4.547e-6
4.5462e-6
4.5446e-6
4.5425e-6
4.5471e-6
4.5483e-6
4.5442e-6
4.543e-6
4.5468e-6
4.5465e-6
4.5464e-6
4.5451e-6
4.5439e-6
4.5465e-6
4.5438e-6
4.5448e-6
4.5479e-6
4.5461e-6
4.5453e-6
4.5459e-6
4.5482e-6
4.5477e-6
4.549e-6
4.5463e-6
4.5439e-6
4.5476e-6
4.5433e-6
4.5443e-6
4.547e-6
4.5459e-6
4.5464e-6
4.5416e-6
4.5425e-6
4.5442e-6
4.5492e-6
4.5425e-6
4.5438e-6
4.5409e-6
4.5409e-6
4.5416e-6
4.5435e-6
4.5439e-6
4.5435e-6
4.5409e-6
4.5446e-6
4.5434e-6
4.5475e-6
4.5462e-6
4.5464e-6
4.544e-6
4.5459e-6
4.5415e-6
4.5429e-6
4.5463e-6
4.5454e-6
4.5439e-6
4.5377e-6
4.5401e-6
4.5445e-6
4.542e-6
4.5458e-6
4.544e-6
4.5469e-6
4.5422e-6
4.5423e-6
4.5444e-6
4.5429e-6
4.5484e-6
4.5468e-6
4.5433e-6
4.5427e-6
4.5426e-6
4.5409e-6
4.5425e-6
4.5392e-6
4.5426e-6
4.5452e-6
4.5449e-6
4.5408e-6
4.5443e-6
4.5425e-6
4.5416e-6
4.5449e-6
4.5458e-6
4.5419e-6
4.5417e-6
4.5464e-6
4.5451e-6
4.5454e-6
4.5436e-6
4.5407e-6
4.54e-6
4.5458e-6
4.5392e-6
4.5452e-6
4.5447e-6
4.5458e-6
4.5437e-6
4.5428e-6
4.5431e-6
4.542e-6
4.5399e-6
4.5425e-6
4.5431e-6
4.5401e-6